100 100
696 692 739 759 338 598 391 679 604 461 790 484 486 462 709 618 330 348 671 612 634 428 629 562 433 340 865 749 530 594 703 730 735 382 673 717 341 553 359 596 336 680 559 483 603 547 443 370 646 553 691 612 767 359 785 363 791 608 743 679 667 696 870 398 325 607 445 337 673 802 616 360 583 582 688 367 609 727 506 654 741 614 408 854 466 636 726 532 430 689 398 721 620 335 474 804 596 424 565 667
398 863 856 601 689 715 390 569 658 455 446 792 383 545 715 546 469 376 762 605 850 594 761 305 756 871 401 538 543 400 388 645 695 808 553 650 559 388 433 798 383 867 321 329 410 544 548 872 852 698 428 735 302 559 849 627 646 310 558 548 308 384 733 700 408 459 695 744 313 738 701 416 423 648 335 615 862 763 790 571 649 728 679 323 334 370 721 360 770 680 485 692 585 382 453 871 702 583 713 614
604 384 550 698 708 670 847 324 355 854 300 834 715 655 300 300 827 538 688 443 776 655 772 618 553 558 450 592 395 829 828 661 775 332 603 811 753 757 406 659 726 663 833 717 769 421 338 582 393 334 698 787 478 552 545 342 548 822 672 404 596 785 810 601 444 597 502 765 418 343 705 504 469 842 731 627 814 772 364 640 448 817 782 333 494 534 587 421 733 326 397 669 548 463 726 845 430 380 765 515
438 739 783 349 325 800 581 513 769 569 825 482 334 305 791 448 821 803 305 344 867 504 501 806 822 503 363 437 612 852 859 318 780 427 365 371 620 360 833 418 697 579 746 564 564 740 360 459 776 856 380 845 341 705 371 591 327 440 856 528 651 422 834 360 302 665 675 403 610 571 361 810 680 790 600 311 465 791 522 547 684 721 721 664 793 779 822 823 330 712 677 382 479 373 415 711 341 491 326 418
481 510 535 791 361 774 508 373 681 340 667 519 615 740 816 514 870 586 703 325 869 727 316 544 742 722 821 606 836 747 718 403 819 337 480 362 782 773 767 820 541 664 304 588 330 355 367 873 591 716 459 823 845 868 620 425 828 692 379 729 634 615 733 844 456 650 771 427 722 316 304 394 684 783 406 798 371 306 303 751 611 348 635 833 667 444 370 830 479 533 690 688 567 811 818 435 793 311 358 690
353 470 721 432 753 482 580 375 390 700 752 583 701 640 590 613 590 764 737 587 804 522 845 500 817 567 596 376 628 550 872 530 467 628 847 453 633 535 719 541 824 650 699 792 826 836 577 803 529 551 749 404 795 457 545 507 638 378 369 484 726 594 743 756 330 607 354 379 819 575 552 817 616 706 663 375 303 304 313 406 667 680 833 657 851 713 312 442 480 813 634 342 753 838 380 649 583 694 523 600
636 713 629 589 599 404 617 837 577 545 563 326 428 618 845 762 571 334 794 712 652 730 680 310 634 425 603 339 659 445 537 805 810 818 778 800 724 656 432 641 630 831 646 718 816 574 317 664 702 336 347 787 678 737 319 717 759 448 699 841 393 455 845 835 569 836 590 428 660 512 487 303 449 657 652 495 868 601 303 640 859 326 510 551 324 671 824 697 652 417 815 647 610 623 354 731 628 723 445 584
746 754 627 720 449 307 661 811 332 415 595 730 621 428 868 444 843 679 409 773 456 524 541 432 526 487 335 454 828 824 442 813 410 858 674 510 397 395 585 516 619 694 537 630 385 598 503 440 570 826 545 519 766 426 670 335 453 438 411 378 392 421 316 520 521 443 694 388 699 647 431 441 845 771 431 688 841 350 379 542 509 692 833 452 525 854 530 492 382 542 376 796 661 552 732 455 477 485 811 511
678 609 319 563 365 516 515 707 633 534 360 634 331 357 638 340 606 499 619 414 351 419 782 605 477 630 790 829 812 500 798 606 764 853 518 344 461 577 629 782 461 769 676 607 425 323 835 466 504 758 691 691 806 695 489 807 848 345 490 379 700 419 553 355 490 359 531 711 377 597 435 435 627 838 487 694 548 631 597 662 672 585 418 524 826 585 855 703 472 583 580 639 305 427 481 635 627 807 788 692
754 453 493 334 437 482 851 750 717 496 575 329 420 632 467 774 713 803 757 319 303 664 749 476 815 468 594 664 457 742 308 454 596 769 680 846 630 817 541 529 765 775 770 706 770 635 567 536 515 735 664 864 622 350 567 638 338 373 399 511 717 341 383 664 524 554 340 772 400 424 644 628 387 503 475 448 547 865 364 410 762 469 706 475 350 625 820 769 562 372 573 599 845 863 829 332 868 782 731 322
597 623 771 457 810 827 440 635 650 666 602 864 788 300 795 330 354 717 817 850 425 817 636 515 640 435 568 839 690 334 725 677 700 300 431 397 810 488 811 346 828 542 533 576 722 597 601 466 312 301 813 389 722 534 809 309 792 619 333 689 519 779 786 706 349 372 633 820 392 534 653 552 650 841 683 722 744 494 860 823 594 340 320 641 818 633 706 454 459 742 553 764 756 764 527 508 339 628 867 789
444 593 532 593 701 706 741 698 348 856 526 406 826 782 837 462 484 304 393 684 563 693 323 834 836 440 572 566 698 755 562 314 649 679 648 604 637 598 387 447 665 503 328 608 446 720 648 706 511 744 458 639 802 671 321 587 780 688 563 820 551 650 334 544 602 582 724 719 521 430 825 765 518 352 312 664 556 465 388 750 456 679 795 612 780 426 592 658 504 543 762 464 568 768 545 710 676 542 684 560
531 688 405 462 578 375 334 766 607 392 635 586 703 493 615 532 789 623 410 434 769 566 657 497 753 548 571 704 749 674 609 676 487 317 388 390 471 470 816 677 515 332 492 342 332 503 605 377 523 594 779 795 631 380 606 653 640 641 667 781 832 782 662 370 810 338 449 723 730 456 371 838 743 699 306 567 558 575 397 833 678 623 740 723 650 851 699 854 311 808 710 433 553 648 644 448 307 810 825 515
829 467 728 775 794 823 452 785 518 821 664 508 782 618 529 480 422 587 440 421 509 393 563 401 863 760 743 596 842 817 591 641 600 557 645 553 561 669 604 834 667 782 350 352 566 761 815 547 699 416 602 704 740 364 802 603 448 694 457 681 490 749 807 476 598 515 490 575 667 374 507 845 367 517 385 509 690 444 754 319 451 812 703 553 481 452 836 648 778 553 565 331 641 715 408 475 632 448 302 470
819 540 635 516 646 731 717 676 437 403 532 791 741 362 572 529 524 849 687 543 570 720 370 494 618 462 310 484 448 719 464 782 329 569 377 693 529 337 759 370 835 706 547 810 770 604 722 335 391 376 584 504 502 512 503 730 461 722 865 513 783 744 584 581 702 343 770 619 477 544 683 676 319 366 825 521 649 412 375 855 343 859 796 868 723 846 517 551 407 804 623 422 575 436 646 452 531 669 832 437
664 804 641 780 794 599 702 601 674 341 737 319 750 666 844 712 691 732 606 539 825 674 715 624 566 345 306 455 731 801 782 353 632 699 623 820 467 758 841 549 488 754 864 379 725 726 788 795 510 476 559 368 507 784 508 738 732 474 615 856 538 738 870 470 396 454 808 390 812 339 482 532 624 773 762 833 829 819 860 592 635 688 471 612 630 429 746 421 729 623 493 473 521 523 385 846 318 529 384 514
841 308 859 836 358 753 415 720 569 444 762 600 323 368 583 580 810 756 336 635 489 428 461 443 844 740 370 423 582 673 354 327 690 715 557 318 590 463 498 642 643 617 314 536 479 546 500 839 423 384 582 675 476 627 313 357 463 845 481 365 610 688 520 457 862 413 389 312 618 351 743 533 417 577 820 807 565 758 300 831 808 302 464 764 567 475 790 573 408 677 787 375 645 336 571 826 550 808 405 301
537 692 472 372 522 609 707 560 752 413 551 332 723 843 355 794 660 781 850 711 758 696 648 746 753 686 730 405 652 621 793 538 509 667 339 790 301 785 396 591 675 595 307 343 637 465 314 581 832 844 713 349 676 359 636 613 466 743 546 510 812 495 574 504 749 527 550 556 504 812 817 529 839 841 494 724 476 746 492 485 482 710 481 601 379 639 688 401 801 608 369 369 515 609 644 414 683 382 516 588
492 474 488 729 562 550 301 666 455 375 871 307 448 799 694 685 773 468 455 737 705 351 391 723 472 857 463 599 532 843 414 408 437 513 737 676 780 407 526 836 747 694 712 383 619 744 737 471 432 849 645 493 844 370 462 383 514 531 862 398 593 853 372 856 691 487 827 529 552 546 768 546 835 500 858 754 372 443 753 577 313 709 575 753 765 807 376 712 783 458 399 375 403 530 620 416 422 368 586 418
438 343 717 747 594 422 639 563 616 347 621 757 306 555 487 492 735 499 749 300 343 474 635 370 848 627 584 642 514 365 365 846 600 680 711 696 698 719 635 343 525 704 319 325 323 421 410 736 708 618 747 696 509 644 860 612 534 727 415 402 409 411 732 695 446 856 685 458 365 808 742 744 528 519 353 587 365 733 354 416 841 369 544 815 812 338 680 800 645 588 613 815 331 588 752 860 620 721 520 604
346 815 472 724 711 331 578 581 751 839 501 646 817 665 729 695 332 346 637 672 389 506 564 748 492 404 852 530 823 759 822 854 359 758 638 381 790 727 307 769 368 390 512 471 651 715 606 585 369 340 523 346 546 852 391 314 765 616 462 819 720 405 487 869 332 775 311 458 658 678 736 378 315 328 593 330 416 786 308 446 438 333 390 619 351 758 532 621 488 712 464 712 455 547 324 390 703 582 586 636
766 601 568 328 806 717 313 518 556 496 726 705 847 440 399 865 347 374 630 517 774 841 466 316 687 425 564 871 722 343 689 603 651 405 607 419 871 409 689 713 524 690 826 873 552 716 377 520 759 517 312 660 491 439 429 615 719 870 862 603 604 377 692 798 535 848 631 792 371 325 678 839 800 756 439 479 777 804 658 495 545 661 581 330 436 323 655 857 731 666 711 577 394 667 856 744 701 805 774 384
717 554 654 629 452 775 542 684 804 538 404 403 649 760 348 422 330 618 860 704 492 550 611 494 482 448 518 350 516 798 536 806 595 831 871 862 813 578 858 398 736 677 308 857 572 827 832 618 336 365 717 796 436 320 837 345 486 515 793 645 725 641 533 741 608 565 685 728 611 329 721 491 402 458 814 358 847 493 781 514 624 844 308 828 527 458 841 813 833 604 372 388 379 841 553 455 576 601 714 703
559 764 402 432 631 672 760 815 666 703 775 438 613 566 694 612 481 515 402 461 375 327 498 706 630 600 631 526 593 596 397 845 811 442 721 440 726 769 747 569 738 872 804 438 562 603 661 595 321 747 641 704 410 368 343 429 706 458 651 565 356 863 351 595 846 630 562 595 754 318 770 815 464 409 581 739 506 670 757 686 381 379 565 655 792 341 478 699 716 400 327 763 767 469 635 663 813 387 809 318
317 443 441 300 649 733 665 521 650 724 652 731 807 616 862 502 578 517 496 413 664 733 308 438 830 367 549 646 794 426 491 801 580 487 373 313 693 391 386 848 397 761 480 738 687 771 423 346 577 448 754 693 355 758 321 830 423 744 414 585 471 782 305 352 534 743 471 734 813 300 694 346 786 577 484 552 495 865 309 770 689 737 608 370 827 831 461 435 403 432 416 809 519 524 686 506 643 697 592 474
341 690 816 850 626 746 447 433 534 754 336 859 313 830 575 652 395 410 477 813 448 622 606 573 327 500 693 431 768 620 499 510 312 672 748 309 732 504 704 624 501 499 848 731 568 766 842 708 687 469 676 729 839 476 706 806 306 787 539 625 430 363 349 816 371 600 494 517 370 663 807 587 582 427 390 541 774 592 309 346 419 763 816 776 752 572 343 727 326 438 382 700 808 820 349 726 814 729 442 433
300 315 762 674 382 607 379 411 371 448 593 707 318 750 755 537 405 728 710 375 566 869 492 349 570 526 733 591 415 764 667 335 592 489 513 763 493 331 504 619 702 580 872 302 759 437 744 853 626 644 662 788 646 518 458 867 344 783 856 353 736 821 343 843 556 563 384 802 871 449 469 616 460 388 651 403 347 858 810 443 546 728 410 307 825 805 353 546 348 435 531 372 454 425 386 739 589 524 411 688
637 310 623 377 711 399 790 304 556 541 713 804 662 568 648 360 458 499 697 818 747 823 438 661 611 337 753 538 404 345 367 747 439 853 446 834 394 309 666 384 821 429 465 676 498 519 537 568 512 738 303 751 630 777 451 544 574 836 572 367 810 530 351 441 432 398 402 699 331 854 609 380 352 662 601 369 601 363 734 565 743 473 691 569 578 381 444 794 862 426 732 567 863 669 354 466 754 399 605 688
790 569 864 807 457 789 422 767 672 492 558 699 559 686 674 440 857 477 872 687 846 598 478 480 710 458 776 626 678 470 830 727 419 573 458 660 592 544 867 506 442 761 515 549 716 581 364 325 305 743 710 326 578 744 761 842 706 804 461 756 670 744 339 479 795 333 710 852 626 690 530 476 623 350 638 722 331 844 312 714 386 828 760 532 407 790 439 828 629 606 396 337 315 604 430 852 660 474 435 680
378 374 686 635 794 463 618 603 863 392 751 373 825 367 479 526 553 693 407 787 756 861 512 468 810 362 473 532 778 539 416 516 650 428 623 525 480 414 813 557 861 495 701 623 433 733 825 756 307 466 449 517 670 844 712 454 507 382 693 710 312 724 754 695 496 543 808 635 658 551 580 784 465 410 427 365 728 437 694 459 595 456 620 716 819 492 635 671 318 411 651 617 308 806 365 599 475 310 865 565
432 597 332 852 381 356 873 551 760 638 651 792 415 580 718 719 616 641 779 301 448 386 722 562 474 869 431 609 648 673 635 411 830 718 723 836 801 454 594 591 653 333 602 597 530 746 319 529 648 399 351 793 510 587 593 785 531 620 615 692 556 871 559 441 655 659 513 468 726 871 382 322 593 824 504 853 597 449 495 309 766 668 524 703 544 637 703 807 319 850 699 795 623 845 450 612 588 365 346 466
655 382 653 300 833 799 703 616 749 777 551 602 313 335 333 479 336 385 493 319 330 443 845 873 456 663 734 454 796 647 577 629 770 542 515 785 476 775 681 647 444 772 314 800 373 383 670 836 548 320 467 600 788 519 476 837 320 610 770 351 362 837 865 822 511 413 767 309 764 582 397 717 452 694 610 666 562 769 654 831 831 599 476 425 390 506 704 418 793 767 565 602 719 512 410 696 512 824 326 608
403 757 765 622 456 571 750 725 588 592 621 311 683 550 791 374 645 460 332 752 731 708 598 836 747 666 808 376 851 336 365 785 486 505 507 370 801 678 765 673 598 622 341 361 646 361 377 746 373 428 673 726 311 848 814 318 637 312 336 755 401 431 516 768 862 729 705 387 322 529 660 416 785 301 765 551 452 802 645 660 468 421 873 338 343 394 458 841 359 454 831 388 451 790 694 319 686 800 366 620
361 355 479 829 395 398 725 739 615 372 431 707 394 438 854 457 387 682 452 414 481 488 822 418 438 789 303 584 425 340 821 770 811 624 646 542 438 724 385 825 367 611 362 493 443 306 304 865 737 841 789 745 632 433 463 469 683 396 382 573 453 843 826 437 622 443 424 757 469 326 450 818 707 653 722 669 323 557 829 343 590 751 733 720 696 852 417 350 593 341 344 542 727 580 459 473 740 520 523 717
308 333 790 305 645 396 621 311 769 675 474 635 385 595 860 722 364 673 826 734 474 635 319 362 669 472 344 767 647 389 743 736 678 716 504 473 542 356 475 457 486 823 443 400 702 749 681 855 474 474 382 799 582 398 356 812 408 639 579 516 635 816 754 802 587 575 703 612 349 450 307 858 722 575 503 478 599 840 754 726 473 482 660 578 503 712 806 859 647 745 592 689 535 648 677 755 479 726 827 620
653 520 463 762 487 814 543 650 789 856 532 731 768 858 834 525 598 403 668 613 748 693 734 374 499 626 741 343 524 777 765 625 403 540 834 328 710 870 323 856 752 748 346 773 495 684 318 535 670 770 302 580 447 731 326 305 710 484 338 604 757 527 347 848 395 420 394 422 520 465 576 750 495 694 518 747 778 736 566 324 782 465 683 596 802 825 644 861 514 380 629 437 441 528 859 630 868 390 492 827
826 634 443 775 627 798 492 328 760 329 338 648 708 580 623 496 854 797 508 836 449 533 465 641 686 626 575 376 873 746 516 505 868 664 504 309 328 675 819 666 776 829 465 555 872 484 776 399 520 415 784 638 735 537 860 431 834 384 489 643 809 321 376 396 321 845 600 418 693 851 486 479 694 429 759 849 464 608 373 777 700 566 413 434 404 318 603 869 426 859 525 766 822 678 328 545 809 384 620 714
773 643 403 817 515 536 329 474 654 329 813 695 635 639 848 301 339 601 771 795 451 828 624 456 412 603 393 666 365 851 371 788 826 864 656 423 448 319 324 710 695 377 793 702 335 578 550 390 795 346 362 475 750 706 833 842 424 471 343 862 360 644 825 470 538 538 579 346 414 862 479 859 683 434 377 301 736 389 406 436 477 545 677 626 477 541 795 446 538 848 663 649 300 568 505 723 508 801 831 645
853 822 468 402 767 841 673 324 378 344 831 393 440 625 810 361 726 689 320 679 547 455 690 435 770 481 449 321 818 469 854 324 470 807 305 317 646 750 869 514 670 806 872 792 820 832 497 531 500 512 762 522 300 472 372 795 512 323 715 617 748 352 431 337 592 432 538 853 362 489 556 563 446 637 834 601 765 739 325 445 704 578 387 665 359 317 461 403 660 771 331 637 598 429 396 486 404 521 401 612
379 545 725 658 321 492 704 521 402 559 728 495 484 739 670 589 731 583 340 733 311 553 648 335 378 763 589 454 662 561 595 708 763 493 549 660 765 560 380 769 420 676 753 489 727 572 770 305 587 318 626 557 755 412 364 425 866 408 704 841 720 602 439 521 426 462 354 521 632 728 738 535 587 600 468 873 831 763 351 650 320 383 662 766 604 359 563 765 543 580 523 583 772 398 820 546 323 669 386 472
387 856 486 735 435 431 421 832 560 760 832 359 315 641 723 865 834 395 422 626 626 657 746 649 691 314 352 372 372 387 841 670 536 317 504 413 302 581 687 715 309 398 796 518 758 353 704 428 509 868 741 639 391 609 350 757 471 416 451 590 733 760 565 582 825 376 782 468 677 646 576 704 821 570 456 622 808 376 576 553 793 614 509 622 699 795 486 746 498 468 863 658 528 725 754 526 615 522 459 816
360 331 772 538 487 457 339 413 397 365 656 611 778 467 503 302 390 327 614 623 858 337 522 706 442 367 704 425 438 503 381 654 425 594 591 796 805 680 375 453 365 553 778 785 419 538 328 436 420 847 482 363 458 613 352 634 845 583 629 527 563 530 637 585 818 518 570 449 493 721 312 730 774 339 326 565 849 589 699 623 626 619 490 754 608 439 741 372 542 336 635 626 353 302 521 458 339 755 680 693
520 647 481 777 394 346 374 439 466 556 686 496 827 451 780 476 451 385 676 466 763 765 760 613 711 826 492 580 399 873 497 531 714 348 726 369 608 372 795 817 834 571 486 862 370 784 355 780 834 868 341 365 585 372 747 772 540 743 778 393 461 359 557 454 388 863 714 661 471 483 830 760 467 473 861 581 642 509 377 323 506 588 400 765 704 324 749 497 559 805 834 784 791 711 529 859 491 349 348 764
424 429 310 356 378 839 689 519 504 335 539 507 803 396 624 653 323 625 572 590 436 756 414 585 710 443 552 836 646 838 325 842 326 652 475 327 535 764 755 602 497 657 714 835 464 812 743 822 468 830 678 873 333 601 760 371 566 844 330 763 520 627 701 473 767 393 617 804 702 611 581 862 437 525 658 613 467 790 825 443 707 422 748 797 392 826 310 837 481 515 516 494 574 328 514 654 457 478 814 710
469 508 679 424 521 770 868 842 769 459 402 414 609 331 626 548 686 858 359 487 687 444 689 356 437 678 766 589 791 362 530 849 759 658 586 681 659 829 846 839 496 585 456 695 379 784 737 427 683 646 482 705 803 779 612 757 834 615 512 659 732 723 605 655 583 352 703 773 561 695 454 804 450 594 540 552 654 677 524 480 825 860 344 872 595 846 516 822 809 845 777 594 342 629 809 480 847 609 325 454
653 640 413 529 323 605 702 656 344 611 671 446 788 430 623 466 698 642 810 676 536 422 872 835 655 453 396 779 769 506 565 519 430 780 406 618 306 556 443 468 310 687 345 540 362 320 863 437 359 500 682 610 795 844 756 860 577 829 822 442 442 641 716 783 828 558 503 683 374 411 866 775 481 616 840 824 641 340 850 645 818 481 373 531 719 581 642 499 623 785 777 686 461 764 666 675 853 525 378 787
510 703 610 755 535 818 484 500 355 347 730 482 619 605 804 710 622 614 507 625 748 435 507 646 543 809 662 696 622 581 701 660 728 790 511 382 633 671 398 301 667 625 858 429 544 643 609 508 675 581 413 700 767 864 661 514 658 723 715 472 461 806 831 664 843 460 819 403 691 776 311 694 491 347 863 791 486 464 425 866 421 419 770 836 833 387 833 391 302 776 326 715 529 673 751 451 797 536 487 369
480 516 428 464 563 780 604 535 346 535 356 625 412 326 585 401 322 307 683 651 511 499 438 403 653 841 793 331 671 695 376 411 539 644 323 585 517 744 684 702 781 830 859 441 485 489 810 828 373 858 812 775 534 374 309 730 599 683 431 498 744 835 533 829 670 814 661 605 623 448 701 543 873 814 856 609 870 666 787 685 327 606 411 308 442 870 513 663 360 778 689 872 648 678 369 523 523 803 658 512
506 336 815 627 540 810 677 616 322 630 821 323 864 617 842 808 763 377 302 309 334 553 872 367 508 639 391 400 812 600 760 729 643 623 377 831 809 808 465 791 837 440 550 379 623 442 458 701 632 636 635 475 431 676 527 688 821 603 624 764 395 499 525 712 618 318 413 720 584 745 642 762 714 415 303 391 826 813 506 775 664 841 828 750 686 518 336 723 405 625 737 721 740 425 769 401 579 830 472 576
417 799 711 611 740 686 685 635 538 644 752 670 694 579 381 643 555 545 550 606 488 853 674 305 853 742 660 306 590 638 586 764 570 862 599 335 484 346 403 758 343 307 496 336 718 541 493 766 534 822 831 327 807 525 474 637 846 753 660 754 633 361 550 575 868 819 785 460 392 352 440 548 756 715 356 421 576 329 671 681 395 579 691 402 330 561 677 756 669 489 706 827 482 789 826 864 651 539 604 572
814 762 702 633 770 795 395 707 778 457 577 833 831 537 484 535 792 375 734 714 603 318 856 445 512 335 554 652 872 832 814 815 809 634 858 424 539 740 585 581 793 792 741 567 840 850 545 307 795 302 702 318 867 329 835 746 627 765 374 601 409 496 604 553 426 642 654 638 673 325 326 323 467 425 795 361 840 332 770 578 381 693 802 458 734 449 828 547 633 717 781 581 504 540 371 412 662 821 630 749
657 595 617 698 840 571 744 394 649 526 620 663 722 660 434 329 666 615 610 602 504 827 861 686 313 308 450 586 781 320 652 744 849 653 644 698 757 559 455 655 370 463 436 334 399 411 547 505 418 437 824 871 538 736 867 479 468 341 539 504 690 729 592 832 456 449 424 404 859 746 380 409 464 844 433 393 757 526 354 438 577 719 608 621 802 483 466 510 666 611 370 602 403 643 521 818 585 843 680 711
335 665 375 584 412 625 424 728 715 684 595 583 864 482 694 511 757 770 329 373 614 619 855 390 373 792 786 402 349 574 647 446 734 672 479 672 485 397 521 364 868 304 740 363 639 571 790 742 546 635 609 300 341 604 368 785 429 340 691 440 373 551 853 425 864 738 338 635 833 802 821 528 439 453 600 371 508 313 831 487 717 862 351 712 741 750 595 746 632 465 833 785 417 445 651 686 302 812 543 870
347 543 551 509 460 317 512 460 807 696 866 808 393 424 723 457 740 829 614 479 646 340 481 681 725 660 663 466 807 494 647 827 481 316 638 598 431 345 565 408 606 555 521 747 630 612 791 740 514 716 326 366 657 817 525 777 419 727 313 706 562 672 331 729 599 333 775 337 518 301 458 863 502 856 849 734 429 397 493 702 692 625 847 612 633 482 439 795 328 702 743 661 499 676 666 559 682 765 711 803
335 836 463 622 459 619 822 515 740 564 867 752 770 685 586 597 606 627 685 712 530 440 873 314 709 750 562 651 737 369 354 353 842 417 597 488 335 458 543 679 476 471 852 595 577 590 513 699 467 374 308 467 383 744 698 668 699 856 810 598 363 671 430 431 735 359 863 673 675 674 572 720 339 338 657 490 811 478 403 424 464 785 319 748 641 566 491 816 489 602 418 603 458 607 689 473 472 544 345 623
626 751 803 457 767 781 777 769 580 841 540 735 618 753 809 430 786 461 311 368 303 870 405 592 590 599 823 437 470 714 749 454 333 381 525 616 551 439 855 323 465 448 576 606 332 766 724 377 521 474 714 684 725 486 663 397 716 754 449 864 455 633 855 805 526 829 468 585 838 798 857 452 534 495 737 535 704 798 818 365 477 711 643 390 796 408 530 407 761 731 610 736 761 653 725 521 664 601 449 465
803 824 376 622 398 319 576 439 500 731 671 578 593 763 699 578 759 732 683 604 674 645 551 710 344 869 682 838 662 583 754 687 768 440 382 443 664 351 676 630 390 516 777 722 702 863 771 433 780 426 388 631 446 563 578 706 776 776 778 822 312 694 644 585 446 412 685 323 462 692 840 471 462 408 861 649 801 821 523 840 494 519 805 480 700 586 437 653 779 780 765 383 785 768 420 612 591 497 555 580
728 717 802 357 662 678 343 395 324 621 726 737 809 766 319 600 434 608 493 694 709 651 657 811 320 701 579 872 477 544 324 575 361 486 858 849 573 853 781 510 377 792 655 610 450 633 692 676 370 780 545 511 419 541 557 658 832 433 624 790 700 677 824 660 716 734 404 451 352 699 545 588 730 692 602 800 564 449 777 631 336 300 672 777 770 717 401 618 774 860 506 666 856 512 449 669 366 469 457 809
413 533 678 383 352 526 563 850 655 622 378 414 690 485 359 519 863 652 508 415 478 579 308 402 701 611 325 562 400 634 873 453 667 410 869 815 451 663 327 511 756 662 609 477 309 740 821 712 698 386 712 457 733 534 622 399 468 556 678 867 455 674 712 700 689 733 367 811 389 601 378 704 663 697 533 659 524 474 579 517 557 317 530 658 679 458 634 704 819 343 493 616 412 734 399 731 390 405 651 568
704 828 374 747 755 520 489 846 457 650 351 777 813 393 835 704 778 858 596 634 330 764 309 477 515 341 596 456 420 430 349 514 465 354 809 741 508 767 572 717 441 524 664 733 752 589 683 842 624 632 433 611 517 625 378 504 510 458 785 572 538 463 555 824 435 786 481 399 581 859 395 685 622 781 521 450 650 384 438 748 817 518 419 385 414 364 641 697 592 396 455 853 665 381 754 865 703 850 343 658
642 626 352 790 393 566 793 839 429 471 563 854 687 873 459 501 571 801 695 525 680 872 560 405 417 859 581 356 377 713 515 354 587 576 824 674 734 724 497 683 332 656 331 439 859 748 309 569 376 350 723 655 351 554 745 388 342 674 422 456 518 348 586 330 612 654 573 713 305 648 732 775 780 771 546 392 391 785 411 799 462 408 530 589 852 572 375 512 709 447 492 653 534 852 584 635 585 421 624 721
715 601 596 398 612 364 585 447 765 478 590 300 582 565 803 491 605 494 473 454 521 677 804 402 667 637 708 743 337 575 329 646 634 331 515 306 443 831 480 420 721 772 632 569 359 541 323 649 437 818 456 741 459 598 853 302 834 493 456 674 578 408 565 676 872 478 766 440 813 607 630 846 779 719 528 380 772 361 664 729 825 793 612 678 462 506 665 620 644 733 740 375 517 838 838 724 863 789 376 550
532 743 617 582 649 655 602 638 541 541 662 439 391 674 439 810 765 863 461 572 483 379 473 770 456 513 742 599 604 513 475 656 469 861 300 583 384 397 313 669 307 779 360 731 543 379 477 871 395 457 827 531 326 634 347 359 477 808 571 651 576 312 609 788 318 821 530 852 552 484 748 762 663 300 619 786 794 799 337 438 457 860 703 605 339 444 317 601 324 662 679 321 484 314 306 386 663 436 753 839
417 507 637 445 600 508 304 443 813 781 374 418 421 604 802 835 376 390 727 855 840 415 377 773 425 696 543 417 359 498 324 538 585 357 764 763 777 435 832 454 383 475 550 817 381 661 629 628 800 380 625 608 589 489 573 514 464 508 450 523 614 378 433 526 769 588 565 807 480 858 692 318 703 496 473 601 785 471 656 610 668 479 777 670 415 406 628 462 573 411 379 602 497 713 794 455 486 480 616 656
686 444 394 674 364 809 684 450 785 450 786 306 397 819 825 577 838 447 544 824 654 702 476 368 532 578 572 840 378 729 457 776 323 541 448 707 348 366 329 392 862 453 380 667 825 324 541 423 567 702 498 800 483 498 472 697 634 586 678 524 404 458 845 582 640 502 697 540 673 421 493 534 332 466 812 433 432 598 354 475 553 323 325 659 463 357 558 556 860 819 673 666 345 592 481 477 582 873 620 541
619 851 721 619 699 345 514 870 360 457 358 636 366 858 379 715 455 640 777 773 863 478 377 335 488 596 853 523 466 811 383 517 469 692 450 743 793 300 397 437 731 817 857 762 803 560 787 767 346 757 343 312 715 625 701 798 608 798 546 743 403 862 535 671 785 774 681 440 475 517 629 841 309 491 536 493 471 323 742 552 635 690 433 367 732 710 616 662 528 872 578 409 559 573 442 352 625 870 492 865
344 539 547 484 863 603 426 337 786 853 661 404 446 601 333 512 733 770 685 506 317 604 569 664 421 761 736 861 508 338 525 785 722 439 722 852 507 693 631 591 344 491 483 782 772 394 499 869 388 823 786 843 482 854 454 709 665 600 612 846 505 790 739 402 306 329 826 584 653 315 872 866 668 815 542 404 835 301 577 335 316 444 697 489 403 360 483 481 592 375 707 484 361 485 679 458 535 523 809 389
873 798 654 799 707 400 370 419 525 565 572 820 349 728 853 723 629 551 348 379 307 484 868 722 362 813 680 581 689 451 629 827 712 681 607 779 848 324 686 708 423 768 407 559 419 647 386 333 768 392 663 600 716 422 620 310 474 669 724 457 608 840 630 868 772 691 408 324 531 745 859 300 764 586 493 506 480 834 424 698 816 688 815 582 548 488 860 707 362 669 668 476 651 820 415 868 588 808 325 726
639 644 379 636 868 687 575 836 673 863 548 806 616 313 434 656 670 364 773 359 827 345 372 830 687 545 766 794 381 521 364 424 460 666 578 398 746 688 712 607 631 462 552 369 578 727 530 394 722 413 643 811 503 638 748 585 503 686 713 546 510 322 712 425 709 778 747 433 784 611 778 836 621 763 683 405 479 749 505 744 779 669 515 784 300 477 428 648 398 695 744 477 787 380 444 493 591 439 454 402
826 754 361 860 515 592 383 861 684 494 495 456 853 555 501 856 386 409 311 442 609 786 548 753 559 685 656 462 796 658 573 630 335 748 371 538 820 520 816 620 585 391 398 572 787 809 832 331 404 815 351 588 312 843 601 504 700 431 486 318 652 352 481 789 848 826 511 355 764 737 587 327 593 504 699 383 648 411 424 721 385 316 763 612 638 729 301 577 388 665 324 654 310 419 409 717 799 678 781 821
496 582 725 866 564 801 448 301 723 847 572 738 700 741 697 819 826 481 741 717 557 746 721 442 465 810 327 492 537 655 849 840 794 515 760 589 735 320 847 437 497 745 838 691 537 517 689 332 447 626 517 309 410 434 437 866 635 700 426 706 809 450 510 819 663 717 456 704 324 623 458 632 644 338 690 512 723 527 585 810 628 384 385 755 841 369 541 449 605 771 307 497 719 315 505 765 860 627 504 603
841 596 605 395 514 572 862 594 394 448 314 427 658 510 836 323 313 767 703 581 787 411 438 566 872 777 676 578 617 429 452 470 501 723 331 458 642 593 476 326 475 569 757 622 642 519 728 718 339 421 597 776 343 463 395 642 327 660 673 774 692 583 497 590 833 677 705 326 512 728 433 461 481 305 647 501 574 565 586 318 757 687 821 344 310 721 562 854 706 759 636 305 370 692 736 464 423 844 865 544
761 741 696 312 639 501 725 428 491 745 759 351 614 330 698 835 871 533 501 401 422 324 856 640 365 477 477 687 834 617 397 417 522 727 435 554 483 480 775 404 580 465 504 696 421 817 867 695 734 493 676 369 659 725 655 356 438 619 745 849 583 772 594 370 839 473 366 534 841 585 357 483 477 725 429 842 751 724 721 539 817 853 616 760 465 347 524 581 678 843 664 629 664 809 324 385 488 440 395 424
618 368 494 458 614 366 551 352 689 780 603 752 803 746 587 526 359 317 495 482 800 682 737 373 388 687 387 703 822 810 446 400 651 582 865 681 830 546 622 468 541 331 630 424 580 627 821 385 604 723 326 325 573 791 617 367 727 542 750 574 324 324 812 764 793 344 556 353 707 480 698 436 575 652 532 507 395 605 660 463 453 812 585 642 598 682 684 611 725 696 633 482 438 761 383 541 504 722 477 360
486 713 502 565 419 737 442 605 692 346 590 690 406 605 546 612 448 441 582 336 500 620 490 372 607 787 693 597 592 688 706 347 833 381 755 657 384 695 822 677 694 455 799 599 353 510 451 406 468 694 802 734 706 687 338 366 676 387 302 694 311 768 726 668 534 689 781 358 376 868 327 359 435 614 849 659 353 785 312 701 648 694 810 803 353 715 398 800 375 673 338 572 367 805 582 581 402 682 556 823
434 797 300 796 686 655 377 338 583 735 325 831 426 425 587 864 648 401 720 412 655 476 715 772 790 599 477 590 570 718 815 714 333 840 471 466 668 627 817 535 478 591 786 399 798 695 841 753 309 378 356 548 664 662 459 776 543 481 565 547 494 837 704 598 689 433 703 827 851 646 548 743 426 847 447 811 479 638 593 611 448 386 840 781 327 426 474 369 507 409 330 606 677 407 828 449 557 620 665 365
682 813 738 824 760 817 483 475 572 725 687 667 730 588 756 596 687 341 591 429 339 810 493 659 697 504 565 612 528 434 570 302 746 370 301 461 681 715 349 365 366 382 659 758 792 303 801 460 709 321 791 414 797 392 622 547 839 469 645 711 535 451 344 815 782 381 576 717 480 527 595 736 576 530 830 511 457 516 742 687 819 627 435 473 569 784 800 325 608 561 646 783 677 529 764 395 739 605 719 516
436 820 618 665 429 386 316 747 429 684 571 632 586 778 382 558 849 386 672 306 726 700 604 464 839 673 859 374 521 379 716 417 721 326 675 311 742 832 452 472 717 313 437 629 521 636 323 340 349 664 401 622 451 433 367 570 712 356 774 611 353 576 477 688 702 736 578 421 338 464 792 807 556 836 830 775 590 476 331 621 476 453 348 772 664 808 860 747 462 617 784 810 579 394 805 577 554 643 453 577
597 750 619 704 651 495 774 585 698 675 611 405 687 788 532 385 564 685 831 495 452 541 814 539 733 610 750 732 692 606 420 599 339 758 543 866 754 721 714 588 437 779 778 835 754 335 594 438 486 571 569 660 379 493 698 368 806 596 358 541 870 544 457 311 416 666 376 782 383 794 743 441 656 736 357 564 707 346 302 399 493 750 365 345 682 840 632 728 349 531 612 758 638 570 858 565 780 614 772 618
576 369 359 810 528 596 642 695 739 409 422 343 638 624 500 808 860 434 694 789 360 537 776 475 708 750 793 391 792 490 800 794 413 750 399 499 783 577 619 845 343 364 393 352 757 812 632 586 696 414 339 709 653 451 379 579 737 855 615 328 391 334 588 545 317 685 317 342 842 613 597 585 593 660 796 613 384 325 668 331 636 641 758 407 359 693 313 498 369 689 790 470 708 334 789 799 564 723 679 491
467 444 452 607 767 683 424 534 758 630 321 654 506 741 659 700 718 303 803 511 534 809 579 551 315 323 377 659 418 425 772 650 528 542 406 665 584 335 810 654 656 860 811 822 717 810 401 865 744 804 793 327 355 509 741 866 406 832 742 468 837 570 460 537 762 769 643 813 351 316 492 807 421 796 376 352 583 819 552 469 470 813 373 815 717 448 807 311 369 834 400 574 619 591 573 573 859 861 468 582
458 753 594 817 587 475 508 521 782 620 528 796 715 345 684 418 462 767 517 367 429 475 688 872 582 637 591 394 562 615 807 442 583 496 352 737 572 730 771 524 627 753 653 532 492 757 427 848 327 516 367 699 856 630 728 513 776 810 755 304 362 402 757 346 773 708 629 519 441 841 648 513 595 449 797 779 863 553 399 734 564 522 352 847 608 449 554 867 861 383 739 482 648 704 480 723 500 341 566 471
724 401 330 668 557 758 715 415 598 830 578 856 589 728 731 729 746 801 369 336 762 843 756 855 566 717 608 499 371 435 692 747 678 554 734 438 346 837 356 788 318 656 463 777 477 636 573 346 551 415 843 309 621 543 395 796 618 789 316 353 772 549 817 470 333 531 587 812 415 480 844 449 850 701 316 326 621 577 722 788 520 497 779 807 388 582 564 439 618 362 346 634 681 497 445 806 331 437 744 373
325 534 628 654 312 706 766 363 711 315 325 439 593 703 360 749 674 331 400 593 500 658 417 794 753 480 862 585 452 638 591 369 833 649 609 844 665 576 695 726 409 669 314 406 866 540 506 367 536 782 445 327 630 358 652 810 369 625 423 491 325 439 417 595 693 464 807 422 530 779 521 489 821 336 375 735 806 469 855 305 663 685 334 792 393 809 681 413 429 335 550 565 413 677 467 309 506 601 663 850
808 802 437 484 444 410 368 668 393 507 871 330 808 545 697 687 693 597 683 572 777 758 433 740 540 455 759 861 449 407 638 650 682 707 744 735 840 656 389 421 315 867 679 642 395 823 586 616 402 560 424 630 496 347 746 755 520 703 764 548 518 812 525 775 718 800 425 571 663 645 640 432 318 816 624 623 479 376 543 591 495 404 840 302 449 307 385 605 533 481 666 657 448 444 744 781 533 344 762 621
827 414 776 334 872 397 804 334 705 576 502 725 742 725 595 590 345 632 707 449 305 310 741 692 545 550 769 616 507 451 823 478 784 587 373 692 451 429 778 522 345 696 605 690 871 450 678 869 608 754 809 306 751 660 796 487 690 799 379 396 588 559 474 796 700 849 853 650 306 815 427 342 354 514 759 694 629 804 640 307 436 627 415 618 543 418 482 834 830 789 836 858 365 690 587 733 802 756 804 325
532 704 436 385 307 395 674 690 685 433 312 395 715 628 664 657 822 498 615 406 421 387 858 781 741 313 685 609 419 393 333 745 408 662 668 742 636 651 404 609 395 747 678 817 750 536 499 574 740 795 345 418 804 342 622 598 830 725 636 620 571 781 536 811 676 403 833 514 704 448 434 648 403 689 667 712 399 584 400 692 857 339 826 726 531 334 583 473 589 362 523 761 729 870 615 438 858 624 695 861
308 402 464 559 656 475 621 361 414 756 374 615 588 758 567 469 617 438 757 764 801 472 339 415 698 720 769 385 340 668 488 408 550 683 761 422 816 854 542 359 642 851 797 536 536 315 765 579 365 382 832 596 575 383 400 703 737 735 800 426 563 581 623 478 811 341 614 407 851 570 759 678 811 711 647 744 569 428 465 872 702 398 478 432 393 379 813 427 510 531 805 345 496 443 737 647 636 837 777 519
320 723 432 604 522 335 674 604 773 796 630 787 342 595 865 722 813 672 554 786 456 330 359 639 816 828 436 536 499 483 482 650 638 667 809 641 531 628 832 450 873 799 723 839 617 853 735 365 313 680 687 464 622 519 625 633 378 560 622 716 606 354 579 355 300 495 518 639 365 860 342 486 701 369 848 424 771 635 713 580 431 467 809 475 808 557 833 604 547 693 606 351 625 368 424 818 380 749 641 838
398 873 873 620 489 778 410 432 804 517 481 838 573 686 671 582 621 593 827 523 732 315 521 520 331 564 798 734 788 766 806 341 341 642 739 572 383 604 816 744 623 649 397 619 406 316 675 770 329 664 393 536 383 430 599 414 339 687 502 326 413 733 352 494 442 318 829 420 820 762 859 842 728 855 315 453 638 383 490 512 782 347 477 385 569 371 561 452 471 865 511 600 600 696 655 665 301 762 776 307
580 544 538 863 832 832 325 606 418 597 522 416 501 693 469 674 776 755 704 616 658 335 671 468 477 310 487 558 458 822 498 597 449 582 317 344 828 377 390 572 657 506 415 329 800 456 564 389 730 395 713 607 788 391 391 511 870 818 826 862 483 818 525 842 802 782 857 621 325 826 856 595 387 396 715 301 603 419 750 363 753 342 442 731 428 556 464 752 376 342 340 654 501 797 620 659 867 348 608 775
779 752 330 453 591 702 648 865 484 511 848 793 746 750 867 707 542 323 576 382 822 743 736 696 594 494 625 623 644 481 809 459 523 362 396 628 511 672 348 535 603 707 614 455 430 313 596 801 766 698 723 873 644 312 627 850 527 670 704 839 731 431 313 610 348 371 402 508 332 414 600 429 393 707 346 624 525 347 514 396 787 426 710 336 567 510 387 767 823 679 419 441 448 475 759 566 852 410 557 817
379 546 651 740 415 416 779 465 315 683 390 613 461 857 742 340 662 469 588 707 303 413 517 719 483 765 857 703 451 705 523 431 363 783 677 404 430 383 722 492 812 592 868 830 447 740 689 764 424 510 335 324 346 699 419 780 593 632 311 799 480 347 398 801 512 608 610 673 447 665 608 707 566 608 656 518 430 474 712 564 472 718 753 423 723 309 413 689 652 740 374 579 734 429 618 534 364 494 782 865
726 393 352 378 843 560 705 788 573 561 402 608 768 508 564 683 532 592 803 460 675 704 340 831 347 336 732 352 766 752 557 635 848 545 448 738 384 466 722 750 493 821 782 417 522 705 548 416 773 764 619 812 510 469 651 872 812 514 839 344 506 751 852 624 610 525 611 623 370 660 749 663 822 828 634 341 561 418 458 546 835 750 560 404 317 602 511 768 672 783 519 382 764 800 334 448 742 464 595 510
698 439 685 608 318 566 462 362 411 873 686 538 349 722 788 732 736 744 645 422 748 818 810 478 793 665 725 868 753 397 405 565 329 447 491 603 849 823 496 468 530 424 398 344 839 766 527 362 617 512 710 365 711 844 755 606 831 318 679 567 606 642 366 400 716 390 383 336 676 707 542 703 860 510 535 391 820 385 692 525 416 749 361 331 852 803 430 676 714 821 439 797 775 433 521 360 677 480 735 311
687 319 577 701 471 324 829 322 659 759 836 854 650 479 323 481 764 412 687 684 401 838 404 714 530 525 317 823 519 813 737 722 441 756 440 791 556 413 439 307 647 640 543 354 358 358 768 350 862 667 567 604 487 570 394 348 459 699 454 478 694 835 692 707 504 366 620 870 665 435 764 841 777 636 424 575 359 670 441 796 860 575 677 569 584 774 721 554 479 626 403 553 600 385 686 615 318 467 862 346
803 606 406 370 302 575 528 540 350 647 648 816 505 422 367 413 728 663 677 451 706 525 551 590 796 446 315 728 773 639 439 764 634 361 527 423 858 817 458 427 507 636 616 710 338 302 481 459 849 632 551 370 507 515 745 320 477 314 366 412 747 848 858 506 542 695 703 402 446 528 549 377 351 863 843 485 350 350 551 861 504 422 573 361 518 584 592 412 468 574 520 515 791 630 637 839 429 870 324 731
821 456 357 363 503 563 597 455 381 773 606 429 528 435 528 324 305 830 341 700 847 635 555 649 434 547 624 679 833 804 807 624 383 639 392 529 736 788 355 415 787 691 590 649 342 680 629 808 376 517 774 702 812 316 746 572 740 624 830 362 754 709 840 784 775 555 610 529 373 841 631 516 574 780 423 754 309 686 505 861 453 427 530 802 854 313 312 387 421 413 630 312 802 313 871 482 836 558 358 481
548 703 476 631 514 852 615 340 583 383 836 433 393 407 396 570 736 602 655 365 567 369 713 665 615 794 558 738 861 748 605 830 651 706 602 384 539 601 819 786 805 399 802 707 331 568 758 599 458 705 871 560 416 615 555 599 552 822 560 462 540 629 571 782 672 654 838 757 860 481 686 733 860 727 737 328 631 333 646 853 317 437 429 336 427 373 724 689 719 405 652 818 415 496 444 520 776 825 581 487
747 636 329 475 412 369 746 587 765 372 518 750 421 515 420 337 659 771 566 727 503 736 490 404 762 865 318 334 810 565 418 618 377 819 417 852 358 443 583 700 690 591 354 390 817 586 539 533 773 693 645 339 691 826 385 463 577 450 745 371 492 582 604 705 459 456 808 537 388 314 647 307 642 477 561 393 702 344 608 594 444 392 678 541 574 572 807 734 794 587 805 668 313 409 421 323 818 401 707 800
