110 110
-33 -45 -71 97 -22 -27 15 6 -72 -92 -83 85 -91 37 69 -45 -42 17 38 17 74 46 56 33 93 75 51 58 -92 26 -5 -42 -100 -80 76 47 96 -40 -95 50 -66 37 -60 14 79 4 -9 -96 -62 72 -13 43 -38 -30 53 23 24 -50 -14 84 -59 -1 36 -47 -44 -61 -1 -10 -99 -91 0 -99 69 -56 -64 50 -5 4 -89 -72 19 4 39 7 89 -35 -41 74 13 -34 42 79 71 87 -13 -52 -92 -11 53 57 -7 -74 52 92 6 -40 27 23 -83 -71
-73 81 -18 24 -54 52 37 95 -75 -100 -72 95 59 38 -44 -42 67 -93 -33 -81 -32 64 -61 37 43 44 62 -54 43 -8 -11 -42 73 26 33 60 68 83 -86 14 -93 -81 -47 -94 9 -52 77 98 36 59 -64 -13 -59 95 -69 47 -44 27 16 -47 28 -91 -17 70 -23 53 -93 14 45 -23 -39 -73 14 83 -94 -11 -100 23 90 -37 -97 -85 47 -7 38 88 62 -17 31 99 65 99 82 -13 -34 93 -18 30 17 5 -89 27 -24 90 -95 81 -36 42 17 -40
-62 -51 64 96 3 16 0 -86 -85 29 -49 36 -53 51 -94 88 97 -2 41 -78 -21 -46 -39 41 28 37 35 -62 -90 -36 59 -61 33 63 50 -99 -59 -46 24 68 -76 -78 95 47 51 -81 -54 99 48 -94 -82 4 98 -92 -3 -69 29 -51 56 -19 -82 -82 79 -10 -58 96 -98 -63 87 -11 -14 51 90 -42 18 21 13 -72 -91 34 37 81 82 31 7 69 -96 28 -11 3 67 14 84 -93 66 70 -1 -58 57 -53 84 48 -38 -91 -24 50 54 34 -56 25
-59 22 -3 93 -34 -34 74 16 -1 -12 -56 -85 -79 -21 -34 -47 -1 -39 26 96 6 -95 93 -33 -98 -51 62 96 -63 -3 -63 -90 64 -45 -55 41 9 -2 55 -9 46 99 5 -50 31 -90 -17 20 71 45 39 66 -33 70 -80 86 11 67 -63 -43 38 -44 -31 53 -11 65 -18 82 -39 95 14 3 -61 83 88 88 -64 91 -88 61 34 78 60 91 51 39 57 -65 43 20 -52 87 -17 57 89 -97 33 -30 -81 -94 46 4 88 -21 -34 63 -85 5 -3 27
-99 40 48 -49 27 32 -27 0 -98 3 65 89 -66 -3 -35 -62 -39 -29 54 89 -39 -72 77 -61 -1 -66 -48 -97 -58 -57 -48 35 9 -97 -5 -60 37 -2 72 -52 -87 86 -61 -58 -3 42 -10 7 -42 -42 -74 -62 81 -50 -21 -43 13 -5 -41 27 -45 -53 42 -72 -55 25 -25 40 88 49 67 -65 87 30 19 -61 26 -67 -67 -73 -70 95 -89 4 61 -51 83 16 73 -5 -85 -84 -63 85 -41 52 60 -62 -76 37 19 -72 97 23 -71 30 95 27 84 -88
1 -48 -79 66 -17 -77 -18 -25 84 31 97 -13 -57 -84 47 66 -78 86 -2 -86 -38 -94 -49 73 -72 45 -45 -73 -13 48 -72 -87 -53 97 -78 89 -63 48 -81 -44 -25 22 -65 2 -57 -15 -8 44 61 100 79 -98 -14 -7 33 -9 -79 86 -33 -84 -32 -92 -11 38 98 73 -53 2 68 -36 28 85 -28 -100 -56 86 -26 -19 89 45 35 88 81 -94 -8 -91 41 -61 -10 -38 8 3 -95 11 21 95 -14 45 -61 -87 18 68 -77 94 -3 -51 35 -80 -30 -72
-89 -34 -88 87 55 -22 -72 -22 68 -49 -59 83 16 -1 -45 49 54 16 -28 50 58 5 -19 -28 -66 49 -6 96 90 61 54 95 -85 88 -46 -55 77 49 5 88 -42 0 -51 28 -15 81 24 -52 51 -82 -95 100 60 36 57 -76 -21 31 90 6 9 -28 71 19 -39 -59 68 -1 -52 -71 -28 -1 -41 -32 14 95 3 -50 37 -74 33 81 88 18 -9 87 44 -81 51 -19 96 -94 73 -14 54 30 37 -75 79 30 78 -36 -21 -58 -40 94 -71 -80 72 62
-14 -92 -10 -94 64 -63 -66 -9 86 41 -39 -88 54 -88 22 87 -30 15 -79 -33 -19 -18 -3 -87 65 8 -22 24 -81 5 100 26 52 12 49 -43 96 -26 76 7 -12 32 -37 97 -63 37 -80 -36 50 70 -30 38 -3 -50 -2 10 -22 61 -89 -30 -92 48 -81 -86 -82 -89 38 -78 -13 -38 53 94 -97 -79 -87 -22 -48 83 77 -30 10 -27 -72 -58 -22 60 -21 25 -30 97 97 49 62 -24 -68 39 43 10 -55 57 40 63 27 75 13 -97 72 60 95 -46
-4 -88 80 -59 -31 31 34 -37 -72 -6 -64 13 -9 14 -77 -5 -3 -72 -49 11 -53 59 2 -2 2 53 19 -2 72 50 -57 5 54 77 79 -33 -59 6 97 41 19 -54 13 34 17 -63 -53 -55 -100 -48 74 -98 -23 -96 84 20 -63 90 -16 -36 -21 -4 38 100 -52 57 51 65 23 46 40 18 -69 -93 -48 55 34 -28 -10 -85 26 -35 90 -76 50 30 12 49 -64 -5 -60 83 33 -100 51 -52 98 49 84 25 82 78 91 82 -81 45 20 -99 -94 69
-60 78 13 -18 83 -59 -71 -89 76 23 94 -89 47 -28 -20 -15 -75 -47 -11 91 -30 -35 -45 -42 19 -6 92 -7 96 -69 -74 -67 -11 0 -56 -50 18 -30 48 14 47 -99 77 -1 23 -51 -49 42 30 -30 -85 33 -81 -57 -74 87 -24 -67 -24 -56 -82 70 17 -62 32 -57 55 55 -55 0 -100 -25 71 -2 52 -97 -17 -83 -65 85 48 -82 31 -54 4 3 72 82 -60 37 78 -97 15 -81 98 -8 10 36 -63 90 -37 -66 -17 -44 -1 -10 -47 -98 86 -91
-1 -76 6 -67 52 -98 -16 -31 41 40 5 58 21 37 88 17 -26 28 98 67 50 81 17 83 14 97 91 65 0 -36 72 -2 -31 -18 84 -11 -76 5 -78 37 95 -26 -6 37 42 80 74 -85 -70 -8 28 -19 -69 59 53 -98 -44 67 98 89 8 -49 -98 -99 22 -70 62 -88 -71 61 -29 92 39 -4 -62 53 -87 -41 -3 6 -52 -59 11 -17 -13 -17 -13 -85 -75 -42 -87 89 -70 -24 84 47 70 -79 49 30 97 -46 -3 0 -7 -54 -45 -41 43 64
-36 -58 49 -92 -50 -47 46 42 38 21 78 93 -14 79 -84 -7 47 86 -57 -12 14 -47 93 98 -39 -27 94 -53 -94 -36 1 22 72 -43 -25 88 73 -100 -76 -77 -83 85 -64 -30 -91 -34 5 67 44 70 -71 6 -18 -75 35 -54 -65 48 -9 52 -10 -87 43 11 -59 -18 -60 -60 -52 -41 -2 37 5 -39 -53 -98 -83 89 -19 50 -17 22 61 13 -79 73 33 89 -34 5 -36 -64 22 -50 -39 75 -61 -87 -82 -62 -87 -58 23 27 94 -26 -34 -35 -75 47
31 64 -6 -92 65 -8 94 -79 67 -79 29 91 -65 8 -75 -88 -24 90 -83 -61 52 28 36 -87 -59 84 22 95 11 96 -70 -49 13 81 6 48 -63 31 -59 -71 -96 -61 -30 25 -21 77 -21 14 -20 -75 31 19 -17 16 59 52 -4 79 -38 -55 -88 -78 -77 0 -89 72 -73 -66 86 -45 85 72 -29 77 18 -31 35 61 14 15 -74 -4 -57 96 -81 17 19 -18 91 72 7 96 33 26 -6 -35 -71 -57 -3 -78 -65 -49 4 -84 45 -56 -53 -65 14 -58
93 2 46 43 93 -26 -69 76 -46 45 -72 -76 -32 -4 -2 -19 16 62 -64 -20 -86 3 -88 -66 -75 54 -74 50 -41 -77 -13 35 -33 -56 -56 52 -58 -79 -16 98 68 84 -56 84 92 -96 32 -15 5 -35 -90 15 29 -64 63 62 -59 -45 36 -99 7 -68 55 -76 -86 -27 13 19 52 -50 -38 -40 -10 -94 60 82 -58 -52 -40 -3 53 -74 92 -18 -6 23 -44 91 65 -11 66 -41 -97 -81 67 -30 58 -39 75 -96 45 42 29 17 -32 -67 42 2 -64 67
37 97 -2 -10 14 58 -25 -49 60 -18 -21 -5 -36 -68 61 -38 10 60 32 55 18 60 53 85 69 41 83 7 -21 80 60 18 60 -44 -16 -90 -37 -79 -50 -29 -26 39 50 82 -36 7 33 -27 -4 -79 36 77 80 32 73 56 11 -1 98 9 31 -11 74 100 42 -63 -62 27 -90 -24 -73 -16 -44 80 43 11 -55 -78 55 4 95 86 80 73 60 -48 70 -58 31 -8 -89 -49 6 -66 29 0 -38 73 -51 -83 -78 -73 -45 7 -71 -76 -71 99 -94 -89
7 40 -4 -41 -78 18 -31 12 73 51 70 -9 -90 -84 31 -67 1 58 -28 25 -92 -81 72 -7 69 46 10 92 99 98 -100 12 -22 -10 -76 -74 21 82 -66 67 -14 3 -4 75 -41 26 99 15 75 -43 24 83 44 15 -76 72 90 -74 -79 -75 -93 97 37 73 64 -83 89 37 -48 -52 -86 -21 -98 21 -61 22 -11 94 -66 12 57 19 90 2 60 -59 -30 63 69 8 99 -88 -40 -39 61 -29 -84 69 -79 37 33 -84 15 75 99 -60 -66 12 -62 -36
-30 -38 87 -79 16 -47 0 -44 85 -65 -73 -63 42 -89 78 -17 -83 46 66 5 -28 98 -11 -7 -15 60 -44 -47 -91 -84 7 -59 35 23 -13 -33 -26 25 80 84 -74 9 53 83 68 -4 -57 45 -97 51 -69 -23 99 46 86 -15 1 37 91 80 41 44 -63 10 29 83 87 84 71 -7 -9 85 18 72 -89 -80 -40 87 -53 100 67 -55 79 -55 -30 1 65 80 44 17 -38 -72 -80 -94 -22 96 -3 -77 97 -20 -40 56 8 33 -86 90 32 -49 -97 74
82 61 -60 63 -75 -67 37 60 -39 100 -27 -76 34 44 -87 62 84 96 -37 2 18 52 84 53 -49 93 78 -54 -54 -35 83 84 -56 -94 50 -86 95 -37 87 88 87 -89 -38 55 -78 -8 -77 -100 -30 44 -18 92 -69 -85 64 -32 -6 -50 -99 32 26 50 79 63 -79 42 29 -88 50 5 99 44 -64 65 15 25 -36 52 19 94 21 -65 20 9 31 68 80 80 55 66 97 -17 -24 -73 39 45 31 -53 90 -77 38 -52 -7 -73 8 66 -36 60 -69 62
-37 36 10 17 -57 -35 -2 -79 57 -18 34 38 -29 70 -92 18 -76 -23 34 -38 16 52 -17 95 33 -78 21 -21 -6 79 84 -92 -61 -84 43 -100 -75 4 -80 49 -42 50 95 -20 17 -98 19 96 72 -25 11 81 77 54 -84 -87 -27 62 13 -28 -48 62 68 40 95 75 98 59 79 40 59 14 29 28 -89 53 -71 4 98 41 -25 75 -29 26 51 -96 46 -79 30 -51 -95 -4 -39 70 -11 -7 35 -78 -60 23 -92 49 -46 40 77 22 -97 -88 46 -60
79 81 -41 -74 56 -39 -42 -43 33 53 -45 42 56 -36 -28 19 -48 33 94 42 8 -34 -48 25 28 4 41 -15 -94 59 32 -17 -73 14 -19 89 -99 9 85 -63 -32 98 78 -81 -96 -5 -64 -5 -10 61 -50 -77 7 70 -21 -87 6 -27 -79 63 17 -14 98 50 -81 -3 -85 -22 -13 2 86 36 -70 70 -28 24 70 78 -10 -37 -81 -83 -5 -19 -75 -74 84 -72 60 -87 -2 -5 -5 59 12 -28 92 44 -13 67 -92 -30 97 39 -74 -28 75 33 -7 46
53 -97 61 -8 2 56 -51 -84 -81 40 64 -25 -2 -30 50 -88 21 -45 -65 64 -11 73 -6 29 -2 -85 83 -35 100 -99 -95 23 -89 5 -19 -10 -81 -5 83 -43 33 -97 90 56 -62 17 -46 -68 52 -51 -98 -82 24 -22 88 72 -89 -1 -38 -60 63 51 -67 -26 60 -35 46 64 22 14 89 -57 65 42 -23 92 -74 98 -95 -43 56 82 -97 -81 -10 -89 -10 63 4 -19 -56 90 -96 5 -35 -55 97 59 29 66 -93 -70 50 -34 25 -85 -50 -16 34 -21
43 -53 80 -45 95 49 10 -65 76 75 10 36 23 -80 -80 -82 -35 -87 30 22 11 28 -44 21 -96 100 -43 -79 93 -44 -13 -100 -24 43 41 35 -50 6 56 47 90 -75 58 -17 -79 -40 42 -95 -37 -38 -29 -46 -10 47 26 -40 -77 38 -62 51 2 -9 -17 86 53 88 60 47 -28 -59 67 -98 -97 87 82 52 31 -37 60 -85 34 -95 -44 48 -83 55 55 44 -61 -46 -9 -18 52 -28 96 90 27 58 -95 41 -85 -49 -69 -18 -52 50 -78 35 20 -11
98 40 19 -77 54 40 -3 -34 -31 25 75 -34 -99 96 -4 -33 -69 -80 -64 41 74 -38 -58 -37 -51 -63 100 55 -95 31 36 -73 -17 81 -62 37 -100 98 65 50 -47 60 -98 47 -75 -52 25 -70 28 -10 93 -59 -15 56 90 -84 -67 50 -71 42 -80 11 -66 85 -69 28 -42 -47 3 21 -8 -12 -87 81 20 -43 21 27 -56 -7 41 31 -67 -5 -34 -66 -1 12 76 -39 84 -48 -62 -28 -42 5 -10 5 -75 -4 -32 14 24 79 64 58 15 13 -15 29
71 90 46 -47 -76 -28 70 13 -54 -13 9 -93 37 1 -75 -49 -57 -95 -91 -76 -73 -19 90 -54 -57 56 0 -27 79 96 0 18 10 11 31 -1 47 24 -71 -83 -25 52 -78 30 71 71 82 21 -22 16 -27 -29 3 -88 72 4 -49 14 -10 -84 -18 -84 -74 87 -91 19 0 -97 37 -7 97 9 -49 -60 -22 54 -41 -84 -85 77 25 20 96 85 10 56 6 -80 -80 46 -38 27 62 -81 69 -81 -2 -91 -82 78 -65 -3 29 92 -96 -83 -15 -41 -42 4
-75 37 35 -16 49 -74 57 45 82 -18 36 -10 -85 41 -8 40 -14 -46 -59 26 77 -49 32 17 25 52 34 74 -97 -98 -4 29 -34 50 71 -48 74 92 29 -99 51 52 8 28 -18 -7 10 -60 23 74 15 -77 57 -30 60 -11 -39 -1 66 10 39 -64 18 48 -80 12 -47 63 63 -20 70 -90 48 -69 -51 -48 42 87 -79 -32 41 12 -23 13 13 -75 24 -79 0 -10 -42 -66 -37 -94 13 74 61 27 9 57 50 -95 100 89 -65 99 -69 73 -70 -63
-91 -77 7 -100 92 -100 -14 26 10 -24 -9 -30 -69 90 97 6 8 -69 59 -53 -35 67 -72 -95 -49 27 55 -66 34 100 53 -25 93 -88 1 12 -80 46 -47 -49 40 60 -74 -6 18 37 41 -85 -70 -11 57 -5 100 -7 55 9 -81 10 -79 -77 33 76 -60 -75 62 52 -3 82 56 -64 -59 53 -18 93 -8 -23 96 -96 -22 57 -14 -36 -94 -56 19 21 -99 -69 73 84 69 43 -40 39 100 -85 78 -67 -3 71 9 -62 8 89 -20 -70 3 57 89 -79
16 51 -99 23 -43 7 -65 -98 -58 -33 -88 96 -40 10 -15 75 62 -91 33 26 -46 -47 -46 -60 56 -52 -35 -27 -42 2 11 -52 74 -15 -5 52 28 45 -96 91 -17 -53 -48 9 89 44 92 50 61 24 23 36 64 -90 36 75 24 -73 27 33 58 27 57 20 39 -85 -13 -60 -79 30 7 43 -64 0 -98 -79 80 54 -57 59 -44 17 -14 93 -18 97 74 -37 -23 84 -53 -74 23 -16 84 -93 7 56 -62 52 54 11 -89 37 91 54 -26 69 -91 -51
-96 -8 51 -76 -48 -90 -33 -66 -32 98 -43 18 -57 -70 -36 -23 82 29 -77 -16 49 12 -27 -3 -53 -49 34 86 55 100 -96 -13 35 -14 -93 59 -88 63 -42 -69 -75 26 -51 25 6 68 -4 65 66 29 0 68 -63 -100 -53 -87 -20 -97 4 -7 10 -94 -35 37 -97 -64 -53 -97 -99 -33 31 86 -47 -75 49 -39 -54 -58 87 50 -26 20 79 -5 27 34 81 -84 84 -9 62 29 12 27 -37 -97 -52 46 82 47 64 61 -24 58 76 -97 100 -41 14 3
-93 39 -83 29 -61 99 69 20 -45 96 -7 -73 64 -54 67 72 33 79 -45 -18 -61 -65 -32 87 55 -41 -100 59 66 -36 -73 86 -56 3 11 56 59 25 -72 -69 59 12 -37 27 -31 -14 -66 -13 95 22 -44 -93 31 -35 60 20 63 -37 -99 0 -15 -12 -32 25 -70 94 -60 -63 -39 -6 29 -50 -10 72 -13 -15 81 69 89 7 2 -94 75 45 69 -22 -19 31 -19 45 -50 -40 17 72 -76 -49 66 -49 -40 79 25 -21 54 72 -41 21 14 -80 -80 -75
-17 84 83 -71 -35 86 49 85 -79 -96 98 -5 -49 -23 22 -22 -56 -1 8 -16 48 -74 66 -59 92 85 43 -94 -25 30 61 -73 37 -6 -81 -49 55 81 -73 -6 -92 47 44 84 48 98 0 43 82 77 35 -10 -91 -87 -93 34 -6 95 -6 84 -7 77 11 -18 -30 -78 -56 49 -23 85 -19 37 -1 -6 -2 93 8 19 -1 -6 4 65 50 13 94 -2 83 54 4 76 -23 74 56 47 63 66 -16 -92 56 -41 21 -48 95 3 -52 67 95 -43 3 78
-51 81 1 -5 50 -85 52 -89 -16 -62 71 87 9 -31 -99 6 61 13 -50 -95 63 -93 -25 -41 84 -83 69 -17 -1 -26 -67 -47 68 76 5 96 -42 -62 -7 26 52 -76 -5 -80 -81 -51 54 -85 -92 -65 5 -68 -5 -58 -100 63 5 31 -30 52 -99 -97 79 63 62 -12 46 87 -3 34 -92 78 79 73 -79 -31 -75 98 -43 65 -67 -40 34 11 -16 -16 92 51 -66 9 -18 65 18 -74 97 -87 70 84 29 63 78 -54 -78 42 -12 38 -64 38 -6 -38
-34 -86 -87 48 65 -93 -76 -21 58 10 -5 61 84 -57 59 -98 -100 93 61 -72 -3 -93 66 -67 59 17 49 -89 88 -85 -13 72 -26 -97 40 43 76 55 87 -11 -81 10 -72 22 56 -60 -1 -91 51 18 -1 42 39 28 99 -59 -43 61 49 40 -44 89 5 -40 -51 81 13 86 61 -28 69 61 -76 -57 66 -48 41 -59 40 29 -23 -5 59 72 -1 75 77 37 88 -91 -8 -96 -42 -60 72 -65 35 -40 -40 65 95 -19 34 -25 -92 59 35 -19 15 -100
28 -74 76 -23 -28 -12 97 -38 -54 -17 100 6 -3 -91 -85 31 79 -84 74 16 -49 -2 82 -72 83 85 -18 -67 54 -10 76 -67 54 100 84 44 -41 -4 17 -33 -72 -95 -57 55 16 -3 96 -3 -100 97 82 -53 -23 -76 -89 66 17 -45 -49 66 78 -37 -17 -57 -66 -94 77 61 -21 -87 -17 -71 -54 74 -88 -49 36 14 -65 -9 -93 97 23 14 -89 43 -92 33 44 -59 44 69 45 21 10 46 91 -4 78 -2 41 9 94 -76 82 32 76 -85 -52 73
-50 -25 -72 -96 -81 34 -3 -13 -41 48 -82 52 29 -5 35 95 -99 17 49 -78 -59 -32 -27 41 -46 73 41 53 -30 -7 40 -91 -12 -94 46 -29 88 -5 28 -4 -85 -73 75 -60 -21 71 25 78 83 90 -38 81 80 -7 0 -90 60 -76 61 -44 33 28 -56 0 67 75 -36 13 -30 64 36 -86 -28 66 -16 35 59 -59 95 69 12 43 -94 -9 5 45 -59 -85 28 -29 72 -34 16 -98 92 -15 5 -60 -15 26 -81 76 -80 1 75 25 57 -39 -72 59
8 -84 23 -6 -75 52 95 83 -36 -95 -36 -23 97 100 -62 20 19 61 -58 -26 46 -41 32 77 57 -55 -83 92 -46 -51 -77 -28 -36 48 36 7 -97 65 16 -69 45 84 -33 -28 -82 9 -62 81 -72 -82 -68 -90 88 28 95 -54 57 76 92 53 56 67 0 -52 19 -6 -88 -92 52 25 -46 40 -59 -18 75 11 -38 77 85 49 -3 75 -32 8 -2 91 -91 66 -79 -2 -11 -35 30 -1 62 41 -64 77 21 -87 -70 75 47 -98 42 -86 -3 94 -70 -2
15 96 -69 4 25 41 96 -67 69 9 21 85 -52 88 65 37 -30 35 71 -27 -31 48 -76 -74 49 -75 -12 47 87 -15 3 -23 61 71 -44 -51 75 -30 -39 88 -13 74 70 17 -46 -78 6 -80 37 62 59 -92 87 39 20 -37 95 44 -79 55 -57 53 46 -56 95 37 -37 -75 -61 15 50 -29 -100 15 73 -72 2 17 -21 -98 -74 -8 22 -35 -12 -1 6 70 55 -83 38 48 27 -19 62 -5 -70 7 81 -8 87 14 -18 -54 47 31 6 8 -61 27
-90 39 17 38 -81 95 -91 41 93 27 48 96 -92 6 -45 -24 -52 -43 -57 -13 84 83 40 69 -40 54 67 73 -19 -34 -100 98 89 -41 38 -57 -64 41 5 -55 -52 27 -69 -15 -37 48 -57 62 -5 -75 49 -19 -48 -98 84 63 -99 5 -64 47 51 90 -76 -99 -99 83 88 92 -16 -61 4 28 -23 -49 -34 -3 -92 39 -66 -49 56 -89 51 94 -55 -57 -5 81 61 -30 -60 -94 -56 15 97 -94 20 53 -22 -62 -60 65 42 92 -19 -93 77 61 -20 39
-19 27 78 -14 3 95 54 -62 -100 -80 30 79 -15 -40 57 100 66 -69 -82 69 -49 -26 23 75 40 58 -70 -19 84 49 -52 9 28 -96 -94 21 13 -38 71 -33 -13 100 -10 90 -86 -83 78 87 63 57 -74 -47 45 84 -49 1 -74 -82 -100 -44 76 -91 -26 -24 32 93 2 -2 90 -89 43 -64 -37 58 8 -22 -92 35 34 54 -14 58 11 6 -61 63 33 -94 -72 71 49 8 -42 54 80 6 -41 88 77 -44 -40 100 -19 96 -99 2 58 -89 36 -71
39 45 -42 33 36 61 68 -21 -34 33 49 -77 84 64 -37 -77 -12 3 4 -75 -5 -96 0 89 13 -12 31 -42 11 41 62 47 -42 -51 89 -97 -51 49 6 -55 13 43 35 -4 89 -62 -8 66 65 -38 50 -96 15 -51 59 98 -13 -23 54 -32 48 57 72 -51 70 -50 50 20 -26 66 11 -74 73 60 45 -19 -27 85 37 -2 -4 -60 -2 -54 -7 -74 -30 -87 -82 -98 60 -34 -1 68 -36 75 76 45 66 -40 86 -35 11 9 -72 47 -70 71 99 -53
10 -89 71 85 -40 -51 -75 -82 -99 42 -84 -28 -100 -89 86 -32 -91 -10 84 18 45 -46 81 -89 3 -87 -53 99 60 55 95 -42 13 78 28 37 26 -93 91 40 -69 59 -69 -100 4 -43 -8 49 -68 -77 75 -7 -94 14 -97 61 -85 70 -35 -12 -88 99 82 -68 -22 -21 96 -79 -50 36 73 97 -14 -5 35 67 -34 7 31 32 -77 -84 42 -38 -92 -57 -64 -38 -60 63 -15 -82 -26 -34 -43 22 -36 -26 -16 2 47 -59 94 -74 82 -29 -16 -40 -44 -77
46 30 -17 -40 -84 -34 80 -18 -37 -69 -66 -48 -100 18 -33 80 98 28 74 -33 72 57 33 90 13 -17 -8 44 -52 -68 -45 -94 5 -58 -57 22 -74 -56 -24 -48 78 -46 -95 -7 64 -67 76 71 -47 93 88 -35 -94 -61 14 21 -58 -91 -20 -60 -99 -93 27 -94 -69 -13 -93 26 29 83 76 81 17 17 -92 14 -48 92 47 30 42 37 53 6 81 -82 -96 -93 43 -19 -41 20 40 49 -73 30 -95 79 24 -22 -60 8 99 92 16 -31 57 -5 19 -16
-13 13 89 -13 57 48 -13 -12 46 -90 -7 -31 43 4 47 -52 9 -91 -8 5 86 89 18 -54 -78 35 99 -73 64 8 -86 18 33 23 68 -46 -13 1 -92 -61 69 52 58 93 3 77 -64 -42 71 -36 -7 -30 51 38 -95 5 23 61 -25 64 -68 18 9 2 42 -13 6 15 -39 -24 98 -3 9 -83 92 77 100 80 -13 49 -55 53 27 -61 52 43 45 -28 20 15 -81 -63 4 -74 -30 42 -85 -65 13 -24 -95 31 -22 -63 -15 -91 29 24 -68 -46
48 -73 -77 -60 95 84 10 75 40 -83 -93 28 11 -38 -45 61 97 8 60 52 16 73 -80 21 38 -100 64 -43 -3 -50 31 -75 100 -100 -97 -30 18 -1 96 14 -65 57 -18 25 28 -88 -21 -66 60 70 -47 36 28 -56 0 93 59 47 97 -68 -12 -76 10 25 -33 -80 94 26 -99 -41 -78 28 98 71 5 -63 61 -84 -91 9 -17 41 -77 58 -20 -25 -36 5 96 40 50 -11 38 -62 -5 -95 64 13 26 88 59 81 -88 13 -38 -83 -30 -41 52 33
-52 -43 -93 0 81 75 40 77 3 73 -38 -24 -8 -43 -34 -8 14 -64 -82 92 -45 6 39 -79 35 -82 -60 96 40 -70 -46 84 -41 -35 15 -64 87 -67 -81 -74 -78 35 -91 29 -34 -75 26 79 94 -49 65 39 76 62 30 12 30 36 -74 -98 89 -70 -89 21 -9 89 21 -2 -73 47 -64 -85 79 -10 -50 -69 -49 -91 8 4 -45 35 -60 83 100 -5 -84 89 -38 -18 16 7 50 -4 50 -20 78 9 -97 78 65 -59 -21 48 -10 -79 -39 -69 76 -84
58 -4 53 -98 -56 29 -58 -10 -56 -27 12 -50 -3 58 -78 -1 44 24 36 32 -47 75 62 -73 42 81 -43 21 -97 63 12 97 -2 -90 10 77 -31 -73 98 -80 -76 91 62 43 -67 -40 32 -97 -29 36 -69 59 52 -48 -61 -43 17 -93 -18 -31 37 -54 96 14 79 77 -27 33 -57 34 83 8 34 -61 33 51 31 76 -47 10 23 57 27 -59 54 -55 5 14 -44 55 58 39 -45 46 -15 -50 -61 -72 43 59 89 17 -98 3 -41 2 -51 -71 -29 -45
46 25 -30 92 61 50 31 69 32 90 -50 86 -8 21 -42 -63 94 -37 -63 77 9 -81 -48 95 -71 88 1 -23 58 -96 21 11 -58 78 80 -44 87 44 -69 -84 -22 77 -32 -86 72 -5 17 0 -16 7 32 90 84 -74 -93 59 -17 41 -83 -84 -70 -78 -36 100 71 46 -99 28 -91 66 -25 75 41 -66 -41 -30 -29 94 -7 -3 93 -47 53 -45 41 -3 95 -59 -38 39 -70 -3 -82 -2 96 26 13 65 67 -41 -16 -54 -16 -53 72 100 -8 -4 -34 -24
39 58 84 24 91 54 -33 0 19 -17 -15 -80 -79 52 -87 19 71 -83 94 -22 19 -38 -5 27 86 -63 71 89 11 -39 75 100 97 82 63 5 94 -4 98 6 -100 84 84 98 97 -40 -26 -78 -78 34 60 -93 98 -87 11 74 -24 -92 -19 1 -67 -4 20 37 -91 57 34 26 13 77 -42 -32 52 81 74 47 -20 65 68 -20 72 51 77 -76 -91 -40 -93 36 24 96 81 -14 -30 62 -62 -9 -10 -41 93 94 36 60 100 66 -95 78 -100 -67 33 -60
27 -17 16 31 -44 -32 55 -92 -94 -19 -87 -59 -47 -31 -84 5 -75 57 -9 -20 -68 -41 75 -72 59 19 -67 2 85 -94 3 -13 -33 32 -92 54 68 -66 -4 -36 -28 -28 54 31 -95 88 38 -55 -30 22 -99 30 7 27 80 -60 70 30 87 -65 -77 -96 -1 26 34 -87 40 70 -56 60 92 11 -81 -66 68 24 -8 58 77 41 -25 -9 51 -16 38 -89 -11 -92 -14 76 15 59 98 -90 -10 80 -51 -73 14 -77 -51 -40 61 80 -94 62 -27 32 -65 -99
96 51 63 65 79 -93 17 25 62 36 -79 53 35 -14 -57 70 -47 -47 98 70 57 64 -40 30 36 -1 -57 61 -77 99 25 -31 -2 -79 81 -100 78 -91 -30 89 60 8 7 -80 -15 -37 33 12 79 100 -36 30 -27 -81 62 -43 46 25 72 7 -12 -33 40 -98 21 -73 -83 51 -71 -91 -77 14 -78 9 -80 14 0 -31 83 -40 -40 28 36 -10 47 -41 -63 75 -52 -80 -40 -72 -21 31 -12 -35 -15 -12 -54 -3 37 83 19 83 100 -50 -41 12 74 26
-37 -53 13 47 81 72 -9 -46 -38 37 -52 17 -63 -89 -92 38 32 -30 -24 -25 -77 23 71 28 -45 -6 64 -11 -1 27 50 51 46 96 41 72 32 92 83 57 56 -6 54 24 7 -50 55 11 13 97 56 60 -5 84 -4 48 42 -7 -3 -69 86 67 -17 69 91 1 -89 -81 -73 20 -25 41 -57 39 61 40 94 -36 -96 49 91 -80 100 96 28 56 -69 -10 65 56 0 31 27 64 -75 13 6 57 -71 -31 64 30 -76 -73 22 -65 63 39 13 -63
93 -11 93 96 -4 -100 -57 45 -22 92 -70 62 42 -28 -38 94 -26 -54 -32 55 -43 3 -49 -81 28 37 96 -6 67 80 39 20 -93 54 77 64 -49 -23 -9 -17 -43 91 -88 -89 34 95 -9 91 -33 -25 0 62 -28 -8 -90 -99 -65 43 -55 -41 33 -49 38 -54 -8 10 7 30 -91 85 5 83 -75 -47 -72 46 -88 -63 62 -59 73 -20 54 61 -30 78 -27 -90 45 -40 -5 -48 -47 -3 -58 71 -2 -42 -71 -55 23 -21 58 -33 51 -77 -99 25 -79 36
-41 4 17 0 45 69 8 96 -20 4 43 22 -63 -54 76 -37 62 -34 69 -78 23 -54 15 10 63 51 53 5 -47 -72 99 -35 -77 4 -42 -54 36 -67 34 -73 82 63 -8 -63 88 82 53 -99 -10 -42 35 89 -42 -66 78 63 35 23 94 -78 -51 -93 51 -93 -74 -62 75 58 -31 25 82 -95 -75 52 40 83 1 28 -21 -55 68 -62 -19 -66 52 -25 94 -17 29 84 -40 -93 -70 63 -85 -22 -65 -17 4 50 79 -50 43 57 -14 56 28 54 85 84
-94 72 -24 -22 -18 -59 -9 74 33 -65 -37 16 -69 -17 19 -39 72 -76 -15 40 -51 70 -36 94 -69 93 -57 -77 -19 37 -3 49 69 -72 25 32 -59 -5 -71 2 -38 89 51 -100 -11 59 -54 69 18 78 -85 -54 21 -60 93 18 -20 52 69 -73 -86 28 80 -13 76 34 -56 46 79 82 -23 93 27 -90 -25 27 60 80 -52 25 11 -62 72 -13 46 83 -90 -40 -14 95 62 -96 60 16 -16 82 51 -30 -80 64 29 -75 52 -41 4 -72 -28 -31 42 -73
40 -21 -20 -58 -97 -5 -81 67 93 -57 56 63 60 67 -40 28 30 -68 -42 -89 40 -2 7 4 87 -33 -8 -48 100 -11 -31 30 42 19 -98 -28 -59 25 74 -74 -30 -95 26 -72 -72 -45 91 -75 21 49 -54 -88 99 -26 22 -66 -67 100 -91 29 18 60 1 24 38 34 66 29 -89 -53 -90 62 69 -21 39 33 95 97 12 -99 13 -80 -18 72 -94 -36 -67 12 76 -86 -37 -22 49 24 91 -16 -87 -24 -42 -3 16 27 -51 23 -29 -31 -94 85 -86 0
78 75 -34 62 -44 -55 17 -62 28 12 86 10 -67 48 37 25 -33 -52 -87 20 -8 55 -65 44 -84 95 22 -51 -7 -38 -20 63 -47 -81 14 -19 -78 -33 24 -90 32 -82 91 94 -22 -74 40 50 78 51 99 35 -71 61 -69 25 97 -56 -53 10 3 92 49 -75 41 -52 0 -4 -63 -54 -18 -74 -47 57 7 1 -10 -95 -50 -94 99 99 -36 3 -33 51 14 -45 -10 -9 -53 -77 -23 20 36 1 87 -33 79 -85 -94 57 43 -78 41 39 -29 64 -44 -47
-45 -33 -56 -86 81 -47 68 -83 -70 29 -90 33 100 -26 -23 78 -44 29 -69 -7 -46 -21 -9 -39 -66 -15 24 -20 21 -41 43 8 27 48 -8 -29 -85 32 -95 -42 -34 34 -23 -39 -61 -69 -28 66 96 -27 -99 50 46 -16 17 -86 -26 -42 41 -42 -85 48 10 -99 79 52 -16 40 91 -24 8 14 57 -86 -66 29 -60 41 81 -60 -21 -95 65 -98 -29 -90 70 -52 -6 52 -57 60 49 10 -81 40 21 14 52 -27 65 -8 78 26 -45 19 -92 -43 -6 -89
-67 -78 36 -59 49 70 78 70 94 21 45 69 -37 53 27 -46 32 -78 81 95 -87 49 89 -71 -75 43 -90 81 99 -35 100 64 -85 46 63 -51 96 99 -57 1 34 -93 -63 -96 -6 80 -79 -9 26 -22 92 -71 -96 -74 -17 -86 0 44 -1 -17 78 -63 86 50 54 -61 2 -35 -19 -97 50 52 -50 52 -56 68 -44 -13 10 37 -10 -75 -16 63 -63 -64 -32 96 -35 75 -99 -95 -92 19 -27 -5 48 21 -78 100 -43 -65 -31 33 -21 46 -17 -99 44 52
-8 -31 -53 -24 -38 -63 -99 7 59 -100 8 -82 8 -74 13 100 -1 -8 -67 -13 -17 -34 64 50 47 -95 -94 47 11 32 -62 89 -88 -30 68 25 70 -4 55 25 64 -2 19 -13 -33 -90 81 -72 38 5 18 -65 2 86 43 42 -72 -28 -18 6 -78 33 86 -42 26 -95 38 -88 -29 -98 -76 76 61 9 -29 52 41 46 92 28 -92 -32 -69 68 21 32 77 -68 -62 -73 -69 -36 -81 34 -52 -6 56 -76 -85 -6 -86 -82 -47 95 -11 -78 91 -45 30 64
-51 -40 76 -74 -57 87 -29 -45 8 60 4 -41 63 -70 -64 -83 -18 62 -76 87 22 95 1 -17 30 5 28 64 66 -9 -63 66 90 -100 37 -2 -82 -99 41 -26 -3 -71 -21 -68 8 57 69 36 3 -11 74 -49 58 53 -82 -3 -13 100 65 -91 -70 -37 38 -28 50 46 -100 15 -37 99 68 -40 -8 3 -19 -100 -54 24 -10 -54 -59 68 -97 -25 22 83 -5 -93 88 -19 -22 16 -42 -91 88 57 0 -10 1 -43 -43 -96 48 -31 -13 41 -33 19 57 -90
-3 54 -32 -81 47 -9 30 0 1 3 -76 -28 -79 11 15 63 94 26 88 -65 -57 -96 -38 72 55 -77 -3 -54 39 -53 -13 26 71 -75 -44 98 -10 -26 39 -24 -91 16 97 14 -22 90 -98 13 9 97 40 -83 -33 41 -34 -36 35 -48 94 4 -42 72 -49 67 -67 -70 47 -12 66 -88 51 -13 -67 71 -79 -71 -3 39 66 -1 -33 -58 39 49 -55 92 -8 89 19 -45 -77 31 -66 -42 59 23 -58 32 -56 -42 -2 39 -64 -87 91 53 -87 -99 -13 -70
-45 -95 63 98 34 38 -72 24 82 2 -39 -52 -22 22 63 62 -53 -58 -88 72 -86 29 -23 -9 -79 -22 27 -10 -46 97 42 49 75 -63 14 55 1 90 61 -18 -26 -7 49 99 -92 8 -99 -75 -15 45 -5 -1 -68 4 -3 99 -85 15 56 -23 17 62 8 81 93 44 28 36 68 -67 81 -83 -1 43 -73 74 29 26 2 83 25 36 81 37 22 34 53 70 21 77 42 15 -87 94 38 50 98 -64 -20 -29 -25 32 -14 67 -58 79 -68 -13 92 52
-98 44 -60 -35 66 50 24 -73 24 55 -82 62 -56 11 -27 -47 -9 33 -25 -63 -88 -14 64 21 -79 6 -51 9 -74 32 -78 47 19 82 100 64 83 -71 87 96 21 36 57 93 -34 -59 34 74 38 -23 -14 44 59 -83 98 55 -94 75 -44 56 -79 99 28 -70 -67 -66 85 11 -92 7 -53 3 -82 -68 51 97 -35 67 41 -31 -85 86 3 -84 -96 -28 16 15 -37 -25 -54 67 53 -16 51 19 16 9 0 43 -28 -80 77 25 -82 60 -98 5 3 -57
9 6 -83 -50 -19 -21 -63 -74 96 2 71 4 -26 -36 -47 -71 10 35 -76 -40 100 17 77 -61 -66 -69 -34 49 -29 -22 91 65 -46 -71 68 -92 -49 -10 -84 -52 41 84 -97 -53 -41 -59 -27 -45 -85 49 39 -71 -17 47 40 -47 41 41 -95 -12 -66 7 -17 49 -60 89 -58 -87 -41 -25 91 66 45 8 -70 -51 -48 -6 23 73 -53 61 36 -1 11 -47 -60 -55 13 -55 85 2 -88 -32 -53 -60 -57 68 4 -73 7 70 14 -38 -56 -64 97 4 -11 -76
47 -68 36 -58 39 31 69 -99 -54 -39 -90 -94 -79 -61 46 3 -56 30 -30 78 -65 25 -39 -9 -60 5 -64 -64 47 61 85 -43 81 -97 53 12 26 -80 -50 68 -78 -64 42 79 82 17 90 -91 -71 -98 4 72 56 51 -32 84 -81 63 95 -65 64 -1 -5 -19 -97 27 1 -47 -28 45 -36 -57 51 -74 87 35 -38 10 59 -99 78 21 13 -12 61 78 -68 65 82 -49 42 76 94 -84 -11 89 0 43 9 -61 -40 -62 48 -90 25 74 80 -17 33 71
-100 -73 52 60 -79 -33 82 32 -33 -58 40 75 -35 3 66 14 -88 -62 1 2 97 6 -50 71 21 -69 -61 -15 24 -20 83 -96 -46 -97 -20 36 72 60 14 -82 -30 98 58 32 -2 75 -34 -3 42 7 84 3 -60 -92 -86 90 11 -48 -15 -58 -5 -13 32 31 11 14 93 -96 -69 63 -67 69 78 75 86 7 -28 -11 74 52 95 59 -22 98 43 -29 -98 6 94 -64 -9 -5 -94 77 -11 -29 -79 20 -27 -2 24 -88 56 1 48 23 98 -57 -46 -93
-55 -55 3 69 -61 -81 -70 -35 -70 62 -50 -13 -65 -35 -80 -8 1 -75 -5 52 66 -56 -92 67 55 -99 -40 -41 97 72 -55 -67 -39 -33 -14 93 -50 1 -78 44 90 -84 -27 89 82 -55 45 37 91 92 -79 -39 -73 79 73 -60 47 83 -42 -92 -53 82 2 -86 91 55 -21 73 -65 -63 -23 18 -82 -77 56 -56 85 64 -23 86 90 89 38 -21 83 9 34 13 8 -35 51 6 77 83 95 -88 24 87 90 2 -94 62 62 51 90 -12 61 -31 23 -44
97 89 -51 92 -98 74 -16 -81 1 9 -26 16 -63 21 57 91 27 1 100 3 66 -92 97 57 43 18 66 61 48 99 -70 9 89 -18 98 -84 -28 90 80 -78 -72 -22 -89 -15 88 -52 -79 -23 -32 -45 61 -64 -28 20 24 -26 53 31 34 -14 -94 43 -73 -26 -23 47 -99 -63 96 -83 85 33 -51 95 64 -75 -8 44 -53 -31 27 22 93 91 -7 -71 -3 -3 95 -11 -100 -76 -58 22 -100 -10 -86 69 -58 28 91 -58 72 -55 -3 -25 -52 -37 98 31
9 -93 39 -75 54 11 -32 1 -95 -1 -27 -93 20 -50 -68 77 -68 -37 -93 -82 44 14 -43 -41 56 -39 -13 -59 -13 13 -34 -9 13 14 -34 47 -90 -55 97 -17 14 95 98 40 81 -77 -16 90 -43 -67 -81 77 43 77 -95 -6 37 24 48 -51 -44 -71 18 -41 23 5 83 82 66 -51 92 14 53 -73 80 -17 -85 30 58 -5 -49 -30 28 94 -16 -61 92 -99 -90 62 -18 -34 -46 -1 -100 -74 40 46 27 34 -46 -48 -55 -74 20 -5 54 -64 -92 -30
-72 -61 87 68 13 -84 -13 -77 -51 -95 -30 -84 59 2 39 56 48 -61 87 -78 98 61 71 21 -45 -7 7 -26 61 56 -73 -46 -68 8 43 -48 8 37 -91 78 65 -36 92 -39 89 -71 75 90 -21 -14 95 2 12 -77 9 -49 93 -48 17 19 40 53 -9 -35 52 0 -74 -61 65 -28 57 19 62 -23 -67 -1 -21 -40 -23 8 -11 -62 -9 92 50 -99 -81 72 87 46 52 -44 -71 65 95 -15 52 66 57 16 42 -3 64 -100 72 -54 99 75 -9 16
45 -64 -100 94 -92 -4 -4 -40 -22 81 66 -38 -16 5 -58 -94 -99 50 -61 -79 -20 -5 21 -57 48 -19 -84 -66 16 37 -11 26 -2 -3 28 95 11 -62 -59 50 98 -61 -47 20 -86 -50 45 16 69 -1 42 -27 -98 -48 100 -24 -4 -17 2 37 -15 -68 79 2 2 -77 -67 10 -94 -62 70 -2 -89 37 -16 78 -6 73 49 -66 -4 -48 -80 -79 -66 58 59 17 -75 39 6 -72 -26 -93 -92 -41 -62 -36 3 87 -36 -67 -64 39 86 -55 6 43 85 64
64 -10 80 45 63 -96 -84 -94 -55 -27 -36 66 53 57 -66 -37 5 21 -62 -51 -77 -59 86 80 14 -71 -2 -72 -49 32 17 83 89 -63 89 -60 -46 -19 48 -13 11 -70 -51 75 -37 -35 100 52 -30 12 44 41 -18 -5 -99 -6 93 -52 -77 64 17 -90 -13 -14 75 81 -79 -1 25 -83 -81 70 89 -90 -8 -55 44 2 -22 14 78 -5 -59 -49 -81 48 56 -66 30 65 -32 -47 25 -14 -25 -69 93 -55 93 -78 83 36 -18 62 69 -58 21 47 46 -60
-95 -20 -17 -12 71 25 68 -11 10 60 -12 82 -77 -93 95 -65 86 -7 67 -93 14 -51 -86 -83 9 -52 4 -41 5 -32 90 52 -62 96 -62 0 -81 -34 -19 48 58 -9 -7 -29 -77 -35 -61 -22 -47 -87 -14 50 54 -93 -4 20 65 -35 -32 -21 -95 54 -28 -16 51 -20 -34 -67 60 14 -47 42 -82 31 -26 71 60 -12 17 46 -30 94 99 -67 99 -84 -97 19 -4 -77 -20 5 -63 -47 -83 99 -35 8 18 -33 94 31 75 -1 92 -97 62 -4 39 -47
-99 -95 93 -4 55 65 86 -68 -88 -66 -3 -25 54 -97 -21 -15 -42 89 71 -88 -5 98 41 -68 -41 54 17 -84 -7 97 88 35 32 29 64 -53 -65 -67 53 15 -59 -27 -3 45 33 -91 79 58 21 92 98 59 -78 59 -26 -82 -29 67 62 35 16 18 88 50 16 54 47 90 -24 -43 96 -2 -97 -41 -1 86 55 -4 -72 -99 100 -42 -96 -81 5 -11 -24 80 89 43 66 -48 -12 71 -1 -18 5 -33 77 -24 -52 -94 -70 91 57 -93 -32 38 50 -31
-85 -15 -88 -91 62 -97 -79 -83 6 -52 -71 14 -85 52 96 78 -99 -41 -28 39 -61 -72 -50 -24 -34 77 71 13 -82 90 -33 -90 -81 -98 14 52 -36 -53 15 69 -95 39 38 -36 -53 17 86 88 -58 67 -41 64 38 47 -50 -3 -59 100 -5 -56 -18 -99 35 -91 56 -11 57 80 -70 -81 -60 95 -79 65 -52 -6 -88 51 11 -40 8 28 99 -87 -15 -91 36 81 -64 -48 6 -83 15 84 -57 -99 -96 -12 -64 7 -61 -55 39 -93 76 43 4 -90 11 81
87 -19 49 -72 50 36 -93 62 93 -47 -88 32 -11 -91 -50 24 -58 -77 -99 71 84 86 -39 46 90 -8 -99 54 -81 17 -47 26 -83 -83 46 -21 -28 100 -49 -95 -79 -30 20 -42 51 95 -81 65 -24 -6 90 53 46 -29 -40 -38 -35 -81 98 -97 15 -28 -81 -72 -95 -48 26 94 -67 -84 77 -26 -40 -43 -48 -29 -59 -43 55 86 -27 -62 -40 -8 -50 88 7 88 74 55 -44 60 -46 51 -68 -56 -70 -67 -43 -72 -8 -12 -70 81 25 -45 75 -57 -99 -21
-79 -50 -93 -20 -46 95 32 42 25 -45 -57 97 -55 82 79 72 -71 2 -49 30 -100 38 71 -84 -83 -60 72 45 -23 -50 -28 -18 -43 49 99 -78 -65 47 -18 -30 56 98 23 82 -64 -48 67 92 24 63 92 61 11 61 -28 6 -71 94 82 86 -24 -39 44 42 97 -7 -18 -74 1 -50 78 38 -84 -37 -9 38 -7 -51 17 -64 13 74 57 0 79 41 -87 0 39 29 -59 -51 -64 33 -43 -56 84 -30 30 100 -93 42 14 50 -33 45 -52 -16 -63 86
-70 79 32 -47 -46 87 89 44 37 0 -95 -77 -2 -40 46 92 59 -38 -70 76 -76 -57 65 87 71 7 -8 41 -24 72 -11 -3 40 41 36 -87 13 -92 -53 -27 -81 -54 66 -3 -23 -5 -60 98 -98 -16 13 27 90 30 -52 24 68 -66 -65 56 -77 86 54 54 -86 -4 -38 -17 -65 50 -91 -43 20 -8 95 -17 42 25 73 65 69 63 81 -3 17 71 -97 -5 53 -50 -86 -26 81 36 74 -93 -22 -47 -17 -61 -44 30 -32 76 64 74 78 72 98 -80
-27 90 10 23 15 46 59 88 -27 -44 -24 -96 60 18 -69 34 -95 -72 92 -30 -91 48 9 -65 83 43 -90 4 -44 -81 19 -60 9 69 -54 100 -85 96 24 93 10 50 -38 -27 56 -34 -29 58 43 -10 -35 91 -77 58 18 17 -61 38 53 71 -19 97 37 -86 75 -33 -100 -29 -8 4 37 92 73 -81 17 -37 26 -74 -50 -91 -72 52 -92 86 -40 -28 -7 97 -3 19 45 -34 -18 30 -78 97 7 6 -97 74 79 -70 1 -67 20 97 -46 9 -18 96
47 -38 29 47 -10 86 60 58 -30 23 -29 86 41 83 62 100 38 -27 -13 48 97 -76 -83 -85 22 -46 88 -33 26 55 -4 34 43 91 96 -60 27 42 -58 56 -3 -79 20 -100 -78 -37 18 58 -42 -53 69 -62 -85 -6 56 -94 -97 77 -82 23 -80 67 -87 -56 74 94 -39 -25 -16 95 7 45 86 -30 -53 30 89 -29 95 -90 16 77 -90 17 31 39 -16 26 -45 65 -87 68 -40 70 22 54 -79 79 75 54 -50 -96 -50 4 -29 6 46 -52 77 37
-94 -67 96 93 -20 -65 -88 23 -11 96 -1 35 -96 -25 61 89 93 76 95 -20 96 -84 -22 -55 -3 64 30 -40 -12 30 94 81 70 40 58 -5 66 -64 44 -23 -43 96 72 -24 44 -7 -53 72 60 -71 89 64 -83 2 30 -36 -27 -62 -61 74 11 -90 1 37 -19 2 -16 -64 -93 30 75 88 -51 -88 85 -60 20 94 7 17 5 0 -48 54 61 91 -74 -100 -42 -14 34 -37 -24 -51 34 -40 5 87 93 -10 74 -33 46 98 67 96 86 -73 99 -18
78 78 86 32 35 -10 25 62 53 81 -88 3 -98 -78 80 -60 10 76 27 57 40 -2 -66 60 75 -46 94 -63 39 46 25 64 50 -37 50 92 -37 -90 -29 51 26 -75 -26 77 40 -12 1 -30 -55 -78 -93 90 -25 98 -40 -21 94 -72 91 -52 82 2 -16 -98 0 57 -92 -1 8 100 72 28 97 49 85 72 25 10 -74 12 -37 -13 -81 48 74 35 -42 20 25 33 16 60 -1 59 26 -69 39 -95 0 5 21 83 80 12 -68 58 62 64 -84 -27
-57 -18 -23 47 69 -72 66 21 -61 30 90 25 -79 85 -12 -48 62 18 -80 -39 39 -29 78 -86 -82 -3 3 -4 -38 28 -48 69 75 -52 -89 99 87 -9 48 49 -2 -84 94 60 -14 90 40 88 9 33 -52 72 77 46 -96 63 13 -80 9 -20 75 -16 -73 -69 -73 4 -4 60 36 -59 -55 19 -39 79 23 -46 19 -28 -67 18 95 12 41 75 62 78 14 -77 -93 69 66 -68 23 96 55 -38 -5 70 -50 -87 -15 -82 42 -96 34 -82 -19 31 82 -55
92 -73 65 -45 -11 -46 -99 26 -32 99 -34 69 77 61 30 57 28 4 88 65 -41 83 54 82 86 -74 -15 20 -65 -57 35 87 -53 -13 -43 23 -52 -74 -90 -30 -38 -10 -51 -30 -31 34 69 -64 23 91 12 77 60 72 -22 -1 -90 79 -62 18 53 -28 53 33 77 -16 -65 -55 -80 -25 55 -52 -67 43 41 -42 29 -2 -13 72 18 -90 -34 -94 -45 -2 -57 -28 -21 -48 -37 19 -68 78 80 80 6 -59 -42 8 91 68 -2 46 33 -30 9 -39 81 74
53 29 -36 63 -92 -8 10 -17 60 -43 -52 -24 23 -31 -52 -94 79 -89 7 5 -59 -83 9 -10 -77 -6 14 -3 -69 90 68 -25 40 59 47 64 -81 48 -33 65 -88 -56 20 76 75 15 -100 -50 21 25 -37 -61 49 13 -49 54 59 55 -94 6 -12 80 10 -76 85 81 -96 -56 54 -55 2 -2 -5 -77 54 -9 72 -44 97 76 -53 70 10 71 73 29 79 -43 76 57 4 57 -84 22 -98 -95 -17 -94 -68 -80 -53 -73 -55 -65 21 -17 -8 63 19 41
-91 -73 96 -41 -13 47 -76 69 -69 18 -100 12 -23 0 -94 93 -59 91 -63 -29 16 -86 9 54 49 -5 -33 -18 46 18 50 57 17 -80 84 42 -80 -87 -15 -61 -98 79 47 59 -48 28 -16 81 8 -81 -71 18 66 99 18 -89 18 2 10 83 2 -61 -96 8 25 -35 -68 -55 18 67 -73 -75 -56 67 -55 81 69 -92 2 67 11 30 84 -9 91 -77 -34 -55 -87 -23 45 43 -9 -24 50 -82 92 -9 -89 -96 -95 5 -30 -34 -64 -72 90 -26 -72 76
1 57 -15 -21 100 55 54 -80 9 47 34 -67 -5 18 17 61 -35 50 -66 -66 78 85 62 -88 -44 36 -27 83 -26 -80 77 -11 -35 92 0 25 94 -42 -14 -24 92 98 -99 66 -7 81 12 21 100 81 97 11 -61 24 -88 -32 -78 -58 62 69 -71 -83 -46 -5 46 52 93 -74 -55 -19 1 -94 75 87 -77 -97 -38 5 33 53 -11 70 61 35 98 -24 24 50 -29 39 90 29 32 45 84 -2 -52 -52 -84 8 -55 87 15 -26 -99 -96 -1 -64 7 32
53 -47 -19 5 -77 -95 18 31 -41 24 -98 -66 -40 61 -39 48 1 37 -10 32 77 50 20 -38 -22 -75 -25 -90 -4 -94 44 -90 14 -7 -11 92 -52 62 22 29 14 2 -52 79 -47 -38 56 14 58 -24 -23 46 48 31 -39 -11 91 -14 30 -32 -61 43 98 21 4 45 19 86 9 50 -7 10 -99 -28 -63 76 -45 -66 57 43 46 -9 -77 84 -79 -90 91 -42 -96 39 -45 47 83 -33 -54 25 -9 100 -4 -34 -67 71 94 39 36 22 -16 73 -64 95
-78 9 0 -27 20 -51 95 -100 -48 99 53 -29 -34 91 -12 -3 -15 -37 92 -39 -67 60 9 33 71 -23 -75 -64 -100 5 -60 71 -83 19 -80 -83 63 65 17 93 -38 18 80 72 -99 93 -33 30 -85 61 7 100 -47 -88 83 -83 95 -59 -36 11 -31 -53 -14 -63 63 82 -8 -43 16 47 82 19 55 20 11 97 -36 -69 59 -41 -13 -75 -10 82 52 -25 -22 51 -24 -82 -78 78 77 -94 -48 26 -52 -38 -64 -2 61 20 -96 -70 71 -91 -50 80 1 41
12 -42 -27 -75 -67 49 -2 -84 -87 -6 -74 100 6 49 1 83 75 5 46 50 -22 82 2 29 28 90 61 -98 -23 -23 -30 19 -55 -6 61 74 -15 -87 91 -37 -17 -19 -50 -12 -90 -59 89 -55 13 -45 -43 -78 89 56 33 57 85 -43 90 -71 66 26 -7 -23 27 -33 -3 -2 33 -61 -93 1 7 78 43 20 -50 9 79 -4 -45 59 58 -71 -36 -41 -6 31 44 -33 -94 -56 -59 88 0 -40 -8 -62 -64 82 15 42 25 95 -24 1 1 -77 77 21
-52 34 76 -9 -49 -78 91 10 -98 -73 -26 11 -9 29 60 -82 41 79 -6 85 -35 59 13 -23 20 -63 99 -30 -97 -76 61 89 -41 -99 1 83 -57 99 95 62 37 40 -57 35 72 -3 -53 -32 -95 -16 -98 7 60 -5 -62 -33 -81 89 -25 70 8 -85 25 25 96 72 17 32 100 72 95 -76 23 -4 95 43 -96 -30 96 -49 -53 -68 81 43 -6 -88 18 -9 -68 72 70 -40 -68 12 -56 -88 -10 2 7 81 -7 56 -51 52 84 81 -21 -72 60 11
15 21 -91 10 -42 -68 -30 71 77 -38 -92 -24 71 69 -63 51 -62 -99 61 97 93 89 78 -71 20 14 -94 -1 -80 34 56 -24 90 -33 -68 -32 52 -17 71 -81 21 -92 14 73 45 44 100 45 -95 38 2 51 60 8 -17 10 -23 -51 52 -3 5 -62 -43 -41 22 -30 -17 -17 32 96 -67 -1 89 4 37 -11 -8 -95 -41 37 58 -53 -7 49 25 -57 -72 -98 43 18 32 -5 -20 100 -58 84 -94 30 48 -52 -37 -68 16 97 51 -7 -12 -16 -60 -15
94 94 86 62 -42 12 70 -87 5 -48 49 -90 72 -52 63 58 -37 74 -71 51 -3 -13 62 58 2 44 50 -44 56 19 -79 30 91 15 -6 28 -5 -1 -85 41 -61 71 85 60 -6 28 -96 25 -76 -44 89 -49 23 -43 -64 -20 -70 -28 -57 46 58 33 -99 -31 -45 -46 26 88 -22 -38 23 34 75 -45 80 -85 -64 -4 -24 -87 -39 71 -43 15 -35 -7 14 -34 90 87 78 -99 95 4 14 -92 -94 -20 -16 70 85 -99 -22 -22 28 48 74 -60 -87 41
98 63 16 45 83 18 -82 42 -40 -27 -60 -25 -3 37 -44 58 23 -81 -51 68 -21 -69 64 31 78 75 25 -91 -43 91 52 -85 -84 -96 6 -39 52 31 88 -88 -10 -34 -88 -6 -12 84 -42 64 52 -46 77 23 -34 -59 -61 -47 25 -85 -85 29 -90 -48 100 -65 81 -33 80 -85 -78 -10 54 -100 -71 -71 25 41 40 47 13 60 -76 -74 71 -9 -87 -59 24 -45 47 47 38 40 61 -76 60 -93 76 -19 -82 91 40 -11 21 -31 -96 75 -78 -39 35 1
45 -11 2 -53 -69 98 -99 -45 -62 33 -61 10 32 96 62 -88 -20 -70 49 -56 96 20 38 -76 7 64 -13 84 -22 57 -62 91 -98 -84 -77 -47 47 -4 14 -84 -60 22 58 39 10 -55 -67 43 -86 45 77 56 -64 22 5 -27 79 3 57 -51 -12 82 -94 -6 -83 46 81 66 21 34 36 -85 -78 61 80 -73 25 -57 92 61 63 1 -27 -8 60 18 -50 65 -42 -25 68 22 51 -26 -22 -62 -38 24 17 48 84 75 -71 86 -4 -99 88 15 91 -72
-72 15 -29 -56 -9 -85 -25 -9 85 -87 69 27 -58 -91 -14 -89 12 -85 91 98 -98 8 66 -8 -4 74 39 -94 -100 -49 65 -23 -14 -78 -4 65 98 75 42 -5 -92 56 98 85 14 -36 75 64 -71 17 57 43 61 -36 -48 29 48 17 61 -100 16 -69 -51 64 89 96 -27 93 -96 69 -55 70 19 -99 -73 51 19 -23 20 43 86 -22 40 47 93 -36 -45 86 13 -45 -26 -32 9 39 96 12 76 -45 -74 1 -27 -44 -3 51 -9 13 -43 36 -95 -82
-91 -62 -98 47 -26 18 78 43 -10 -89 84 9 -99 78 2 89 67 40 -70 14 35 84 60 -82 -71 -37 -92 74 -89 71 12 -53 -62 56 70 50 58 66 61 -13 72 39 32 -10 -37 -77 0 65 -99 -38 96 22 -22 19 65 10 -13 2 -37 -76 77 61 18 -64 -1 67 -48 23 97 -34 64 81 -84 -11 -7 64 11 51 15 50 -71 -98 68 41 -69 -70 84 73 74 -15 22 -99 -87 9 93 -72 94 85 -89 12 80 47 20 43 41 -40 -28 -12 -76 -8
85 -52 54 20 67 -49 -73 -92 -26 83 -15 24 36 83 -21 21 -68 -80 -4 52 88 17 -42 74 -73 41 -30 -85 -88 -4 73 -69 -74 17 -51 74 -64 -93 -94 75 22 8 -35 53 -25 -5 40 -51 24 -64 83 -67 -19 -77 34 -2 9 94 87 93 -36 -7 68 5 -98 -100 -96 -18 -18 33 14 -23 64 93 50 -56 44 19 -20 32 -12 -74 -88 -2 90 -32 65 -45 82 97 26 70 -46 -87 -45 40 10 27 -34 75 -77 -29 -77 42 49 59 89 71 34 -59
-49 81 -67 -93 -40 15 -41 88 -88 62 -59 -50 -31 -63 -21 33 98 91 3 30 50 51 3 93 -92 -91 89 -66 30 -54 -6 31 52 20 6 95 -37 29 22 -94 -84 -83 -64 3 93 -96 -72 60 -75 1 32 94 98 87 -85 -22 -26 93 -72 -11 40 98 -85 7 70 14 24 94 54 -99 -36 -43 90 -80 -100 0 71 -37 4 -73 38 -98 40 -7 -39 26 96 41 50 0 -21 43 27 86 60 75 50 -27 -33 -28 34 -31 19 -17 -38 -86 -67 -74 46 -25
24 -87 -77 95 10 18 -14 -2 17 -4 63 9 15 -5 -50 -92 -70 77 -30 -90 -54 35 99 29 -18 88 72 -95 22 91 50 -96 53 -60 -11 57 34 13 -52 -55 -23 -14 51 11 -81 -15 6 11 -28 -96 21 -91 70 -92 -21 100 -21 -91 81 -30 -56 95 -82 -24 -7 41 71 -85 87 -99 2 -84 70 -23 69 -38 92 27 -22 8 17 89 37 93 31 86 -67 70 16 70 89 -41 92 -9 -32 54 -69 2 -49 -53 18 39 -74 -81 -84 -9 -8 33 -38 -64
-34 -13 12 -25 -100 81 -46 -70 74 -52 -10 100 96 -54 -24 -86 -63 -84 75 49 97 -10 5 78 -75 13 -65 71 -38 -43 15 88 -67 53 -60 28 -57 -27 78 -52 -75 73 90 68 93 -75 61 -96 -65 -72 29 -82 -54 78 -18 4 -7 -19 -56 -32 9 -10 -92 -34 -48 -22 62 42 54 -42 39 -4 57 -21 85 -28 -2 -82 -76 -32 -15 -44 -71 84 28 13 72 -99 -60 -40 7 -39 72 -26 39 86 87 -18 45 43 -69 -51 -66 -72 2 0 0 -47 61 65
-58 92 -52 -58 28 23 39 -17 -17 66 71 -92 65 18 9 74 -60 -82 -84 -92 56 -49 30 93 -73 -53 26 79 -98 25 -20 49 59 34 1 -25 30 -2 97 83 52 -20 -3 19 -61 -19 28 48 -68 78 -61 -3 47 74 23 81 -95 78 60 74 71 52 43 -81 80 -61 -39 64 -33 -65 -68 9 17 -5 -22 5 66 11 82 17 -51 52 -37 -44 81 -49 62 -80 34 -80 -55 37 -20 -66 27 -47 -54 -44 37 -39 -17 -44 86 10 96 -39 7 -64 39 29
-32 -49 56 15 -1 17 -73 69 -100 -35 3 51 -77 92 -63 -8 -39 -83 10 -15 20 -43 -70 -56 59 -75 -41 -40 31 -28 18 97 -71 24 -2 -38 10 -86 16 -43 -100 -31 89 83 59 37 80 30 -49 71 89 70 57 -26 34 -70 -64 70 41 49 82 18 99 21 66 9 -32 -34 55 10 -3 65 -25 96 -76 -63 -60 12 -45 19 -54 -27 -47 -23 35 36 55 28 41 -69 20 -73 17 72 -25 47 89 13 6 37 -3 47 28 -23 -14 88 -34 -100 74 4
-33 28 88 67 -98 -60 -75 -60 -30 -80 38 93 81 34 -68 -56 62 52 28 -85 9 26 -7 72 2 45 -14 -34 92 -70 -20 -65 75 80 -21 -48 9 85 42 86 -72 74 2 92 -100 5 63 72 37 90 -75 59 -93 -71 82 -82 64 54 -73 -24 28 54 68 82 -63 80 13 -82 -34 16 37 -93 -34 53 -5 -10 -63 -62 -29 21 -85 35 -76 29 -64 31 -91 35 -83 -74 -56 81 -31 90 26 86 -63 63 61 33 47 30 74 -11 -44 -76 -69 -72 -83 69
-9 9 61 -83 -17 7 -31 36 18 -8 -52 -6 -9 -27 -25 32 -100 100 64 76 51 -67 -68 -5 95 -93 -67 4 44 85 -14 -23 -40 -7 50 -64 -9 -97 33 23 78 36 69 15 -69 27 92 -45 -5 -21 -96 -57 -83 -80 -82 -26 -55 92 -63 -71 -65 32 -78 22 45 94 -59 -92 -41 30 51 -79 69 -86 -23 18 -57 76 -58 31 -31 61 -68 85 87 -3 -29 -64 78 -16 -39 75 17 -23 12 42 -86 51 -56 71 -53 0 83 -36 77 69 -12 -85 66 38
40 54 -43 58 30 95 -32 -54 -99 80 -63 70 64 58 -66 -30 99 -37 -61 -98 39 11 -85 83 -85 -22 -4 -5 4 -4 29 -44 -57 30 -65 -9 -86 -10 27 -38 67 77 62 49 -34 72 -14 60 97 23 46 -5 -46 -36 65 34 -30 12 62 -72 -84 -5 89 -64 -75 20 63 -17 -37 -72 19 -64 -10 -50 -87 36 -86 -93 -60 -5 95 -26 12 41 -10 11 -77 -34 99 -100 4 -9 -92 -55 -46 57 63 -73 44 95 77 -20 -8 64 -21 -53 10 65 -52 26
42 90 -74 -31 -95 -3 91 26 79 -89 47 76 9 6 -79 -75 21 84 51 22 55 57 -36 -12 -23 -39 -35 -12 -87 -62 29 -37 -91 63 -11 66 -28 -77 -51 -45 -11 48 22 -77 4 -42 -26 -90 4 -21 -77 -100 -95 41 -84 29 97 94 -33 -10 -15 87 -24 97 -22 42 -56 84 71 -42 10 -48 -10 -99 80 -58 -87 61 75 42 14 83 40 39 94 56 -89 57 -12 93 54 66 -6 -1 76 57 -43 -2 87 -80 -53 21 -57 -53 -3 48 86 -93 -51 -69
36 -24 53 -61 39 -69 -55 34 -52 -15 35 39 -6 66 -4 90 74 -68 10 -13 9 -85 -75 8 91 -12 -39 -31 69 -73 -33 -70 -2 92 4 17 55 -39 96 -84 14 75 -50 -75 75 6 -18 93 -54 -32 -32 61 36 -2 -28 -26 39 -87 49 38 43 -93 -7 28 95 29 -86 -73 97 30 -1 -32 93 -62 92 -78 56 -94 28 -29 -8 -92 58 -46 -46 -40 -100 64 -80 -49 17 -89 54 36 42 91 -85 -81 -65 22 -46 82 81 -12 61 85 -96 -89 -39 82
-77 -38 80 80 30 11 -80 -17 -44 71 -78 -89 -77 81 43 70 6 -9 -83 33 64 3 -87 -53 -60 36 57 -96 96 -66 -51 7 -26 -35 -34 -71 -60 -92 74 66 -52 64 -15 24 1 8 90 70 -79 29 52 -21 -88 -64 82 -19 47 -31 -71 24 55 57 20 -53 79 -9 -70 -11 -69 25 6 90 -22 91 96 17 5 76 15 -67 -69 -33 -64 60 -38 -40 75 34 42 11 -18 -57 -71 -77 78 88 -56 37 -22 64 55 -54 3 65 84 -41 83 -36 28 -16
-23 84 -18 20 -24 -95 -50 33 44 -66 15 -85 60 6 -91 -55 6 -26 44 -16 -40 -34 -37 -74 -80 28 92 64 87 33 -86 96 88 -83 88 -77 25 -16 -99 4 35 -8 -91 -23 29 -13 15 -98 -65 -81 54 13 43 -81 77 -57 -47 74 29 65 24 29 34 -38 -50 -12 -21 12 61 -85 -76 -94 -26 -13 67 100 35 81 24 -96 -12 -28 20 80 -57 13 23 -58 78 67 -23 -30 -48 -91 -95 -66 59 83 65 -14 25 4 -40 34 -41 26 -85 -93 -65 66
7 51 -89 -29 -80 -85 -50 21 -33 29 -87 -57 23 6 -18 -50 1 74 -35 -52 51 -14 -50 62 -70 100 -96 -79 -48 -62 47 -81 59 81 20 -27 84 -87 93 -98 -25 91 -12 7 -35 -94 7 -29 82 -7 19 -80 64 30 30 63 92 -30 97 -87 82 -59 -38 -37 -7 3 -48 29 -66 -4 29 23 54 90 -16 -71 91 23 97 -71 -5 -3 4 -96 48 -23 50 16 14 -38 -24 49 77 52 26 84 -92 6 44 -61 16 -42 55 36 -8 -39 76 22 -21 -57
