34 34
39 30 45 42 33 49 33 33 39 35 46 38 43 35 43 35 50 41 44 33 42 48 45 48 47 36 30 46 37 38 43 41 35 34
38 33 38 45 36 43 35 38 45 46 39 39 40 34 34 39 43 37 50 46 31 36 42 30 35 40 41 35 31 44 35 38 47 45
30 33 48 38 39 42 44 44 32 45 50 51 38 31 37 44 50 46 48 41 30 49 49 38 38 32 36 33 35 35 47 30 35 41
39 49 50 42 50 38 34 33 43 41 42 46 39 48 43 40 30 30 38 42 44 44 50 33 37 47 34 32 46 42 44 46 43 42
46 38 45 34 41 43 44 44 37 42 37 42 34 38 42 38 46 31 33 32 35 37 35 36 30 46 44 35 43 33 30 46 37 37
42 40 30 47 30 30 44 39 30 30 49 36 35 30 38 39 34 50 41 38 40 46 48 45 32 34 46 45 38 37 31 44 44 51
39 33 49 42 30 33 45 51 45 45 50 34 40 33 45 45 46 35 32 31 33 48 36 34 39 51 35 46 51 43 34 35 35 41
49 30 50 50 36 39 38 36 48 33 41 40 32 32 48 48 50 47 49 41 49 46 47 43 32 43 40 35 37 38 33 46 38 46
41 40 39 41 32 45 46 40 37 30 48 32 43 41 39 31 30 37 33 36 40 37 39 41 37 43 47 48 36 33 49 44 36 44
42 47 39 31 31 32 41 32 30 41 48 39 51 41 46 31 40 46 49 36 49 51 47 51 32 40 30 41 36 42 51 37 36 45
31 31 40 42 34 34 40 32 44 35 48 40 50 44 36 39 40 43 30 32 49 34 48 45 47 40 33 32 48 41 51 46 33 51
39 37 38 44 38 46 46 42 41 51 36 49 51 48 38 41 32 30 32 46 35 30 40 44 47 51 33 44 44 36 30 47 44 49
43 42 50 30 49 50 43 40 38 38 46 39 33 46 39 43 30 35 39 39 46 40 35 41 38 43 44 47 49 40 49 39 51 38
41 40 33 39 43 32 34 50 31 30 42 43 44 47 43 45 44 40 39 51 40 33 40 36 47 31 41 41 30 35 51 37 47 38
50 51 37 43 38 38 31 51 51 32 43 43 39 43 47 41 47 34 46 42 47 51 39 38 48 50 48 42 38 41 34 41 45 49
33 41 31 47 35 30 32 36 44 31 30 48 43 33 38 38 44 51 35 49 41 30 37 38 50 38 38 49 41 41 51 48 48 46
49 32 34 38 34 51 51 47 43 48 31 38 44 35 47 39 36 43 41 50 47 46 47 51 39 39 49 32 46 51 39 40 46 49
45 51 38 50 50 48 40 30 51 43 36 40 42 49 33 36 36 37 32 41 46 42 51 32 49 51 32 51 38 34 37 43 33 41
40 45 32 33 47 33 45 41 37 32 51 38 46 31 31 36 31 43 38 31 40 44 40 35 36 49 45 38 42 36 47 46 41 35
41 32 47 47 45 35 45 37 44 46 51 42 46 51 47 37 51 41 31 40 50 31 31 49 40 42 36 46 46 39 32 47 38 43
39 36 31 30 39 35 31 48 32 44 38 30 32 43 37 47 42 47 43 34 51 36 35 48 31 51 35 45 35 41 32 38 33 34
39 46 41 45 31 47 49 33 37 34 44 35 43 37 34 37 33 48 40 46 48 51 32 43 36 45 34 42 32 35 30 37 40 32
30 47 32 33 31 34 39 34 42 49 47 37 36 46 50 33 37 39 35 46 44 47 51 50 38 43 31 42 33 33 51 45 48 32
50 36 46 43 39 48 45 50 42 46 50 35 42 43 32 44 32 47 51 32 42 30 36 45 40 41 31 31 47 30 35 41 32 33
48 32 33 49 36 37 39 46 34 38 33 31 34 50 41 46 37 44 36 30 35 41 31 42 32 49 51 35 37 49 40 30 50 45
37 44 32 51 41 31 36 51 40 33 36 30 51 47 42 36 40 30 49 49 41 40 35 33 47 40 45 39 48 42 31 50 33 43
38 38 50 49 44 41 47 51 32 37 39 37 31 51 42 44 39 34 34 40 42 30 40 32 35 48 41 45 32 38 38 43 30 44
45 37 33 47 32 39 48 40 35 30 48 50 36 49 45 37 37 50 38 36 50 39 51 40 34 51 37 30 38 47 37 31 31 35
30 41 32 40 45 30 45 41 38 40 32 45 41 35 31 41 45 46 35 30 44 34 38 39 36 50 36 36 43 36 44 35 44 34
32 40 32 37 48 44 45 40 40 40 49 34 42 37 48 44 38 42 48 31 37 32 47 32 38 51 34 39 43 50 45 44 38 39
36 38 42 42 50 32 41 40 39 51 49 47 34 42 32 49 35 35 35 35 46 32 48 49 35 30 46 46 30 30 40 48 45 42
36 34 39 31 45 47 31 33 38 45 50 30 46 48 42 36 42 42 33 41 32 34 46 40 41 30 33 33 44 35 31 40 32 32
51 42 34 43 48 48 43 38 45 49 50 44 44 45 50 44 47 30 45 40 45 35 35 40 46 44 41 47 42 32 44 48 40 44
33 49 45 40 31 40 32 40 39 45 35 43 45 34 48 43 48 49 45 36 42 37 30 38 42 34 50 45 41 50 39 33 36 36
