90 90
99 4 52 62 31 77 101 97 47 32 29 -1 23 31 37 23 87 44 25 98 91 89 28 64 2 76 98 41 42 15 1 27 68 86 14 82 21 70 101 16 22 19 90 34 76 51 66 77 3 45 58 31 52 22 15 63 28 66 79 94 50 90 83 52 71 45 47 94 6 12 21 24 75 62 35 85 52 84 67 70 15 74 24 5 15 27 98 54 34 3
69 94 50 30 31 72 82 37 55 67 80 36 64 54 63 68 30 62 24 17 -1 39 -1 52 13 45 0 69 47 98 83 71 79 40 8 5 82 43 47 42 20 13 65 6 48 55 58 47 19 63 12 60 80 86 84 29 30 96 15 95 50 20 80 38 -1 85 68 64 30 5 2 62 12 94 87 59 3 10 49 19 82 55 42 66 63 19 99 12 28 93
32 74 51 0 31 80 15 64 79 60 21 14 8 85 99 11 26 1 67 55 81 36 -1 82 30 26 6 50 7 28 35 60 31 9 47 28 10 68 5 36 96 19 74 13 97 83 75 87 7 9 35 41 91 59 0 33 96 73 85 48 69 95 98 93 76 46 43 0 99 99 19 80 79 22 20 53 24 66 100 73 4 5 68 50 2 36 58 89 34 20
18 85 21 65 32 72 75 64 16 97 34 85 11 81 41 30 59 24 6 83 52 7 86 76 89 92 72 77 99 39 41 100 63 79 50 68 66 30 48 56 66 43 88 25 49 16 71 100 19 0 99 1 79 46 93 27 52 69 89 78 20 43 77 60 53 46 14 83 6 98 85 60 48 81 56 2 98 41 20 91 57 33 46 87 35 94 4 25 21 45
59 96 63 71 81 5 11 45 50 98 24 44 18 78 7 17 1 84 41 66 51 68 32 82 101 15 57 34 3 43 97 30 10 11 23 75 83 46 80 26 31 79 93 70 95 85 46 8 0 65 4 13 45 18 18 50 47 13 59 70 54 94 14 23 55 59 69 58 11 73 89 70 31 50 60 51 73 38 98 67 34 15 66 86 63 12 22 46 56 3
83 25 30 52 64 91 80 68 35 42 7 84 60 14 4 24 13 76 49 3 13 20 6 82 80 24 40 97 71 2 82 67 61 30 59 91 86 51 71 62 39 7 28 14 32 21 9 45 0 68 81 56 21 31 76 0 80 90 92 65 94 71 87 23 88 40 42 29 28 90 13 36 19 47 24 42 13 72 34 23 4 -1 50 59 3 40 11 15 75 56
42 16 33 96 97 34 79 32 84 40 72 84 55 79 85 22 25 34 59 43 2 71 18 6 53 13 1 91 48 28 64 67 80 91 61 92 -1 55 84 72 52 89 1 95 3 57 47 68 7 33 65 59 71 83 1 68 49 58 87 69 74 50 82 41 72 48 0 12 39 78 70 54 93 42 57 46 21 91 80 55 20 35 94 64 73 2 69 35 43 0
36 95 35 5 82 18 101 60 71 0 1 28 6 62 40 88 -1 55 74 11 75 31 7 67 83 15 3 52 27 93 4 10 6 59 7 94 88 86 21 34 56 39 70 53 83 45 68 75 72 30 13 56 32 80 51 11 77 50 15 10 3 76 30 61 73 6 34 27 5 95 25 7 8 3 24 73 48 20 94 51 98 62 4 73 74 46 91 82 27 73
6 51 79 15 29 72 25 92 8 74 18 52 67 20 35 38 42 40 28 93 94 40 28 58 22 80 65 44 10 8 91 91 68 27 81 34 81 83 28 95 31 81 58 71 87 58 14 62 65 23 96 22 61 91 92 94 68 69 20 40 54 48 95 73 8 26 57 15 38 96 34 35 24 44 80 100 39 0 94 0 73 5 46 84 75 14 35 39 87 58
30 98 84 69 52 27 16 24 43 28 46 47 18 45 80 93 75 65 24 68 40 15 59 23 81 47 75 101 1 43 96 82 4 82 66 70 97 73 15 83 66 61 78 35 47 61 80 17 12 16 10 10 84 30 3 96 1 72 79 74 57 59 96 37 87 97 39 59 59 5 25 80 41 61 45 11 17 57 32 8 26 80 16 89 33 29 88 66 8 64
48 75 34 0 14 41 66 64 8 74 68 41 39 18 58 80 57 13 35 34 13 59 54 80 7 33 49 46 52 33 34 26 89 18 55 52 58 14 19 83 83 -1 15 5 5 6 91 40 14 16 39 28 89 74 92 5 19 9 -1 74 44 31 75 44 64 88 23 52 30 71 93 91 55 57 13 17 59 86 98 15 21 48 32 92 54 74 28 32 24 51
44 81 91 33 75 98 72 32 18 30 42 91 70 33 2 6 20 72 49 53 56 9 30 3 23 54 95 42 41 14 38 25 100 80 99 27 26 38 94 30 24 20 48 86 13 26 44 97 30 23 14 53 52 85 61 14 78 43 -1 19 41 10 86 52 40 29 43 60 8 -1 73 55 39 4 87 -1 11 73 1 1 85 86 35 21 97 55 1 16 48 89
2 45 61 0 69 6 10 75 1 55 46 50 80 45 90 19 7 55 83 94 3 16 93 8 41 77 70 21 68 73 75 97 56 37 65 36 76 56 36 10 71 99 58 15 91 30 96 100 60 89 88 56 20 32 83 45 1 19 33 37 86 39 93 90 67 89 57 63 51 17 7 13 20 34 76 60 75 81 96 33 90 -1 48 31 45 25 8 63 2 42
93 55 83 55 64 56 65 12 29 17 23 96 64 86 19 81 87 15 47 34 13 27 27 28 57 2 81 0 21 84 73 7 65 31 50 96 31 9 0 85 1 86 22 56 0 14 28 90 10 41 72 96 81 11 94 34 22 7 20 16 28 18 24 14 39 92 23 27 47 27 2 86 78 23 24 40 80 50 49 59 5 4 66 50 71 7 64 4 68 39
87 4 37 7 84 101 8 35 57 47 95 39 81 53 45 6 83 85 40 28 3 71 43 25 80 97 14 69 18 41 18 43 50 71 8 61 20 52 35 77 37 90 50 100 85 34 98 99 74 62 71 48 92 47 46 27 82 18 0 44 99 97 58 59 20 33 99 3 56 65 7 74 70 77 40 4 62 101 18 6 9 31 96 82 13 38 94 62 16 96
29 53 74 61 100 91 1 70 65 30 29 72 1 54 56 16 77 99 63 97 51 55 79 43 3 57 26 34 96 41 68 11 97 2 51 76 2 34 68 87 99 45 28 49 37 64 82 74 70 100 31 96 10 79 48 71 101 15 80 71 18 65 83 83 33 4 26 14 89 66 49 52 54 29 62 43 23 101 19 1 45 12 60 24 11 79 25 27 52 59
101 101 46 72 51 68 92 84 85 33 18 3 33 55 21 89 30 38 63 19 59 50 40 41 94 41 35 78 40 82 8 52 1 3 56 47 94 35 79 0 69 43 66 12 52 12 78 66 57 69 58 85 35 74 62 40 28 95 22 84 4 9 68 54 33 95 39 50 16 91 1 47 40 36 14 55 61 46 51 61 98 58 96 8 43 3 36 86 59 52
86 14 15 58 20 60 85 76 82 91 80 20 72 58 31 36 40 10 31 94 40 9 100 46 67 22 77 65 14 35 50 19 46 52 11 11 61 81 59 13 81 88 82 42 63 62 54 41 64 60 40 54 43 91 55 46 27 23 57 89 97 97 84 31 18 99 12 2 25 79 22 57 38 24 14 4 90 55 64 8 100 99 39 64 17 7 92 60 7 19
3 94 44 60 32 18 52 49 64 6 67 78 4 100 50 39 22 18 40 12 95 97 84 26 82 26 63 55 77 50 13 51 39 81 100 21 18 45 2 68 79 51 5 83 78 60 5 55 27 48 33 4 11 13 73 85 34 41 70 13 100 11 60 86 82 93 87 43 27 54 50 70 3 18 93 71 54 7 76 78 41 93 91 13 41 90 33 32 23 44
94 59 0 80 50 79 27 51 85 79 20 101 48 81 51 42 74 51 16 91 45 95 62 22 94 3 39 81 38 78 77 88 100 94 61 93 1 91 82 57 2 71 70 52 94 71 77 95 41 8 52 101 100 72 101 4 93 53 38 45 8 16 46 90 1 16 77 61 64 92 70 77 42 49 27 31 24 23 72 27 60 34 70 5 -1 100 72 63 41 30
41 50 80 1 8 1 29 28 54 95 47 23 29 73 31 100 47 98 63 64 88 84 31 96 12 11 71 50 46 25 18 21 12 18 24 35 5 22 53 33 48 85 18 41 -1 27 84 58 52 15 64 34 13 12 90 30 30 31 92 15 35 12 72 -1 77 70 22 3 7 82 85 64 40 4 4 14 36 22 69 19 65 96 50 55 17 18 65 0 85 11
101 72 101 9 85 25 2 60 50 66 64 85 50 96 6 80 99 72 83 71 101 19 68 71 27 0 90 22 9 78 33 89 48 37 51 15 87 91 27 77 15 65 22 46 60 18 22 7 41 57 88 54 15 53 1 99 5 69 21 61 78 32 70 77 4 59 15 3 57 76 45 3 96 86 18 78 42 49 85 40 84 58 71 92 64 81 78 98 6 70
61 85 42 60 31 22 18 58 20 23 77 60 66 35 44 33 9 70 59 89 22 67 42 93 36 31 20 12 -1 76 8 39 100 90 79 33 35 17 41 39 23 99 1 73 34 49 65 70 20 86 62 101 31 48 67 30 100 42 74 54 91 34 46 81 82 70 76 30 24 3 65 6 12 72 88 87 7 7 89 81 45 -1 83 31 55 98 41 59 70 38
28 0 43 15 15 62 97 74 19 22 14 6 58 85 35 63 20 22 38 79 79 4 68 56 0 4 47 0 40 53 85 98 70 38 30 51 81 90 58 44 53 13 3 41 22 90 69 55 84 7 55 25 94 43 86 38 12 89 -1 89 31 87 54 7 93 9 71 30 84 85 33 59 10 61 101 46 71 21 23 38 91 38 74 51 66 3 34 60 33 87
70 80 87 69 57 35 87 34 41 9 0 90 83 78 21 32 90 61 96 97 63 24 95 75 101 38 1 3 83 18 45 57 5 54 47 39 44 75 36 97 12 0 12 71 47 75 -1 71 96 42 12 80 101 35 64 74 61 2 84 22 92 17 33 43 31 61 96 44 54 42 54 89 2 32 43 40 89 52 37 1 63 64 75 96 91 44 7 75 27 98
36 33 67 66 99 26 42 27 65 33 7 6 14 88 28 72 13 64 78 29 97 71 21 91 61 12 66 25 68 77 91 65 78 46 93 5 20 80 75 39 56 99 23 3 18 52 71 84 87 26 15 47 75 73 51 45 10 83 8 97 69 68 -1 61 35 88 70 12 93 85 44 57 43 10 57 22 25 80 92 -1 101 24 77 67 54 41 0 54 72 38
69 25 90 82 75 41 12 24 61 33 5 40 84 73 59 29 51 16 52 38 60 57 51 77 59 34 64 96 42 55 4 47 18 54 11 23 81 82 0 86 21 1 101 59 34 17 92 17 62 14 72 39 34 16 89 0 100 75 48 67 87 53 48 23 84 8 35 52 100 52 93 17 5 45 72 100 -1 13 94 100 53 91 3 1 62 42 71 50 31 87
77 17 75 60 32 3 85 6 0 92 57 10 25 71 -1 85 41 37 39 79 62 78 49 89 1 15 30 66 37 79 -1 94 99 26 62 11 32 52 54 98 23 85 64 84 -1 41 58 64 33 16 39 -1 94 59 53 61 38 85 39 89 85 89 78 80 31 15 0 27 83 11 47 19 15 30 10 66 55 51 9 26 25 -1 98 67 73 7 4 38 46 9
35 47 12 23 79 24 88 94 37 18 72 87 83 78 43 94 63 52 45 97 50 61 78 77 68 44 44 81 25 48 3 38 66 4 95 27 0 21 20 -1 75 91 55 59 88 71 7 56 32 10 0 91 10 40 69 70 51 87 76 7 -1 55 90 12 65 4 49 19 54 24 78 101 17 59 85 23 17 46 24 80 51 49 51 31 62 59 26 56 44 84
66 13 55 76 100 16 39 96 19 60 73 36 34 92 100 90 67 86 61 54 81 4 96 2 50 83 96 42 74 89 0 96 33 82 23 16 0 50 69 13 36 39 97 6 26 91 83 14 82 76 2 4 32 5 89 17 100 1 99 93 95 41 13 20 44 74 33 50 3 9 67 34 13 37 95 17 65 77 69 34 80 82 41 85 28 3 96 82 35 43
0 65 63 20 -1 72 34 95 68 84 88 14 43 83 7 52 3 93 1 89 80 8 41 82 63 45 74 100 16 35 56 82 44 88 87 92 94 70 17 43 36 28 45 28 -1 57 61 30 52 49 23 53 38 75 58 37 47 86 35 64 10 73 65 75 47 33 29 79 41 95 48 97 79 38 45 22 62 44 75 1 67 33 42 32 81 89 77 67 33 4
15 36 48 10 68 64 39 90 92 92 51 69 49 61 25 21 42 32 -1 53 62 91 96 39 17 4 11 99 45 101 19 75 47 57 94 16 92 28 19 66 28 10 35 72 38 98 35 19 88 12 99 20 94 33 101 48 79 82 28 13 92 57 13 18 23 37 40 89 31 56 90 10 47 41 23 30 8 95 0 95 73 11 37 16 58 43 46 82 32 14
100 54 18 98 44 67 21 58 60 79 32 4 60 72 62 87 84 20 46 10 18 100 2 11 8 88 72 -1 7 45 29 25 18 74 47 2 44 101 71 70 74 49 29 62 42 62 25 33 20 49 17 88 89 80 90 34 85 4 15 63 45 75 91 65 42 56 95 23 29 84 40 34 22 25 8 32 57 63 96 101 35 96 51 38 67 86 0 95 4 85
22 18 23 50 46 26 65 10 54 55 59 44 27 25 73 26 57 24 58 81 3 77 39 96 92 66 11 85 89 33 7 91 47 35 68 38 21 51 63 75 93 93 89 50 7 71 1 90 84 52 16 7 48 48 89 67 77 15 41 79 96 19 20 88 3 0 51 30 101 82 71 -1 53 32 33 40 75 90 19 2 44 81 11 19 72 13 93 23 58 88
5 54 52 100 82 64 101 49 49 2 22 5 64 88 12 12 47 21 51 50 5 42 29 77 95 75 88 82 12 57 32 16 14 29 82 34 97 74 32 29 15 4 7 47 66 16 77 94 72 22 26 77 64 32 1 86 47 0 94 8 30 2 63 26 37 62 91 55 24 55 94 3 30 64 80 96 0 82 10 94 42 21 69 42 41 47 87 98 39 -1
22 79 12 13 95 75 77 16 77 67 48 67 3 68 45 72 64 47 62 52 43 16 91 63 13 64 4 55 7 42 69 97 1 42 100 27 1 41 47 31 70 30 90 101 100 25 26 20 58 53 17 32 56 57 61 15 36 35 92 13 75 74 51 3 7 69 47 83 95 28 22 82 101 81 50 58 3 37 69 11 48 68 87 99 14 21 68 44 2 16
35 101 77 66 24 101 70 35 86 82 54 77 77 20 49 42 79 77 71 0 53 62 25 70 96 25 60 23 22 22 7 70 8 46 19 93 12 69 81 79 28 68 64 46 42 79 88 34 36 99 66 81 73 100 33 77 48 86 64 72 14 10 31 51 85 48 66 52 61 25 2 10 3 14 82 13 11 24 94 46 54 93 27 68 59 76 9 58 49 59
101 7 49 15 1 95 83 73 82 17 56 16 17 70 79 88 10 37 60 95 36 49 69 9 22 52 -1 2 83 95 4 63 37 28 73 100 53 76 52 99 72 42 75 46 3 43 68 64 70 61 12 -1 39 43 98 33 100 22 61 88 26 16 42 18 31 89 75 57 5 74 101 79 10 29 69 35 4 38 89 60 47 52 85 65 94 97 84 75 83 61
70 50 26 79 39 59 76 2 56 70 29 46 54 22 70 21 25 53 20 40 15 15 47 20 33 28 71 101 24 74 27 28 16 84 18 51 38 60 40 88 17 23 69 67 21 58 34 39 49 62 91 91 50 90 78 55 24 39 93 81 86 88 12 10 45 72 4 46 20 35 60 20 84 16 86 60 87 80 55 68 23 71 50 32 8 30 42 72 8 14
41 87 42 14 15 4 16 91 90 75 70 91 60 65 72 52 27 65 6 91 28 4 55 71 45 74 35 1 43 1 28 51 44 2 35 16 87 82 35 92 34 0 49 9 -1 7 35 21 87 62 18 55 83 99 83 14 85 30 14 80 10 81 26 45 16 54 75 4 77 96 27 100 58 73 86 8 91 65 71 25 51 64 78 -1 65 90 65 44 23 73
101 8 36 66 36 30 47 57 95 7 81 -1 21 7 38 34 17 27 83 12 19 3 0 64 93 60 56 25 15 21 89 39 100 0 71 67 65 59 69 81 27 6 46 77 76 84 91 93 4 13 40 69 3 16 28 97 65 99 5 16 88 79 89 70 0 39 83 32 15 1 26 20 37 47 97 11 33 23 22 60 92 65 94 48 73 60 90 42 77 78
55 60 78 9 75 11 87 12 11 37 72 33 68 24 19 93 4 100 1 101 50 36 60 52 77 59 11 31 50 26 41 11 11 91 14 47 32 89 9 23 80 14 5 43 86 0 24 78 57 11 30 34 18 77 38 20 81 29 61 29 36 13 71 0 101 37 76 90 28 85 71 90 64 19 60 6 89 85 19 61 57 71 27 44 33 26 66 7 31 64
80 53 21 98 56 96 20 76 95 55 90 60 13 2 19 48 4 101 46 55 92 69 66 11 96 63 42 78 52 96 53 101 15 55 48 35 44 60 55 69 58 10 90 70 10 37 1 48 48 89 81 99 65 30 47 25 76 25 81 42 96 90 46 39 41 42 1 94 93 11 14 49 42 68 90 48 0 25 82 38 2 31 96 40 23 68 77 66 35 89
66 97 13 1 22 45 71 79 26 41 55 0 94 28 29 93 85 56 95 27 83 36 26 51 86 35 100 40 73 30 84 4 17 33 26 4 40 33 50 79 56 25 0 6 13 16 0 14 9 48 98 76 101 11 39 13 2 59 74 86 80 30 14 40 1 5 41 87 80 53 49 29 20 11 73 69 77 55 62 90 100 48 14 59 71 94 41 100 66 36
35 92 22 80 83 34 59 97 92 53 59 32 7 69 78 16 73 70 46 77 83 3 87 81 22 50 50 75 2 51 84 99 20 80 99 61 68 92 78 89 15 21 15 59 10 41 32 11 56 77 80 99 7 88 29 11 64 41 13 65 6 63 65 67 46 39 44 74 27 39 101 57 67 50 15 34 35 57 31 50 100 10 59 19 70 47 59 33 14 90
51 91 86 101 66 84 96 16 66 77 84 96 54 0 94 100 40 93 34 70 101 88 20 49 13 52 92 86 52 10 15 16 53 94 89 62 38 84 73 12 16 58 57 95 27 9 49 13 53 77 65 1 9 53 88 93 40 44 93 29 32 1 32 86 69 67 100 83 38 29 58 1 56 68 65 15 92 83 0 93 31 92 25 87 94 47 27 76 25 8
99 77 40 41 35 56 91 73 29 75 92 93 51 60 19 87 54 49 4 2 51 73 43 69 10 34 23 51 72 16 76 59 70 91 59 23 48 83 20 100 22 54 38 60 78 48 20 97 79 79 17 74 20 91 44 17 38 70 16 59 36 88 15 66 22 61 21 1 5 26 62 11 48 82 76 101 32 71 68 1 76 13 64 39 56 32 12 59 50 18
94 0 82 17 6 6 79 10 6 97 73 74 74 72 87 76 19 59 21 72 83 35 71 17 2 7 5 50 17 71 75 34 54 82 20 31 12 16 2 83 84 75 89 36 36 7 33 63 5 9 89 63 37 84 69 48 35 23 49 61 69 18 7 61 5 29 41 78 50 17 92 39 51 47 12 83 95 31 77 44 39 16 10 53 33 75 49 68 12 94
62 48 11 34 96 87 27 94 90 11 9 -1 36 -1 0 62 11 18 33 18 81 12 68 9 22 35 73 32 45 62 69 65 55 3 27 24 11 4 83 50 26 87 85 85 65 86 71 42 59 58 41 35 66 65 88 52 67 23 34 25 45 1 48 92 56 90 6 12 34 48 78 30 21 1 37 42 69 50 63 75 26 29 101 54 76 95 21 61 37 62
12 30 54 7 20 65 81 94 22 94 80 54 79 63 79 37 8 4 33 98 55 40 87 15 57 35 71 49 20 34 52 11 42 27 93 51 83 100 77 42 70 33 20 18 80 16 91 33 93 58 48 20 28 31 20 58 53 55 29 89 96 23 16 76 53 85 85 82 13 7 43 69 22 87 90 16 74 14 77 19 46 84 80 65 100 22 13 40 51 31
79 85 93 1 24 100 6 71 44 12 63 23 1 78 22 99 65 96 57 20 4 30 0 17 21 40 99 9 33 2 86 50 66 36 2 70 90 85 80 4 68 46 39 73 47 37 16 4 20 52 17 29 58 19 93 52 27 46 34 1 9 82 36 92 67 94 53 88 25 73 82 25 93 61 67 4 16 49 37 29 49 1 29 85 1 84 58 35 82 71
42 37 15 44 33 4 95 87 61 1 50 29 77 53 89 77 50 37 56 97 4 75 10 99 61 86 65 82 101 58 13 28 11 17 9 22 46 86 50 55 42 78 87 9 49 79 67 39 67 54 12 65 91 22 57 79 37 93 18 29 63 72 82 83 99 41 37 21 5 101 66 47 30 95 5 87 46 65 99 96 60 15 57 79 43 94 32 16 18 68
50 86 31 97 68 8 10 53 27 25 81 88 81 87 59 15 36 99 91 81 45 8 95 76 5 86 74 59 57 2 15 98 99 80 7 1 29 5 14 61 56 6 90 12 65 96 97 46 56 91 59 22 6 68 46 36 81 40 90 21 29 68 61 0 77 37 45 24 3 5 90 75 1 56 38 9 60 92 29 64 23 81 80 0 4 79 100 54 11 16
58 56 23 44 65 87 42 88 52 101 93 100 26 17 54 73 7 30 66 74 9 78 23 44 54 35 65 63 39 6 1 90 92 24 92 24 40 67 95 77 39 10 84 24 19 48 96 62 39 50 99 40 84 46 27 13 42 34 63 0 53 98 21 68 52 76 18 27 27 49 23 20 67 68 39 92 98 11 61 47 5 92 87 23 36 51 21 67 71 73
30 93 57 26 72 89 84 23 70 41 29 46 51 6 56 45 65 8 49 3 83 82 1 37 43 98 0 72 89 64 15 33 69 100 98 35 21 31 98 15 91 39 61 16 17 2 61 37 69 36 12 91 42 69 41 12 88 35 49 51 3 85 32 7 72 20 18 65 45 27 71 76 77 57 4 33 23 74 49 83 30 8 31 78 101 19 54 74 83 3
98 67 10 94 23 11 33 60 94 66 20 68 53 41 43 73 101 10 72 61 51 49 46 42 15 95 -1 36 91 68 71 4 21 80 80 25 29 89 19 59 87 38 38 41 33 9 50 36 34 93 47 41 18 66 33 3 40 33 47 82 100 101 80 80 94 67 67 66 3 50 50 9 11 77 70 16 90 12 73 14 3 16 12 35 67 11 97 36 99 25
63 22 76 34 78 92 49 55 94 -1 56 31 98 30 47 60 92 93 55 7 74 9 27 61 26 44 20 12 92 68 85 74 68 58 101 43 99 2 81 13 49 18 24 101 51 74 23 18 32 63 32 39 94 71 22 65 75 99 5 99 8 29 87 69 30 1 43 67 65 30 53 22 20 63 56 50 25 23 18 5 14 95 1 78 58 61 100 44 39 70
26 82 0 5 88 41 16 1 70 21 71 68 25 98 32 81 36 52 94 68 61 75 42 39 88 20 55 32 101 40 11 3 42 46 68 59 72 15 21 15 31 13 37 78 71 96 26 14 11 99 97 0 86 72 86 48 66 58 99 74 63 36 21 28 46 1 76 58 91 43 90 91 47 30 56 77 64 98 50 93 85 -1 98 42 84 19 46 100 94 33
16 98 30 85 7 38 -1 20 22 72 61 44 58 30 29 97 32 98 64 98 74 101 86 -1 88 3 5 89 58 100 1 97 43 93 89 63 3 80 8 87 37 49 11 3 29 86 14 31 36 90 28 26 25 49 99 93 -1 19 0 91 23 32 51 55 29 29 61 15 66 6 7 9 17 58 36 88 79 19 6 23 17 47 26 13 49 10 71 91 0 50
58 81 8 45 -1 49 74 29 79 28 87 52 35 49 42 60 81 73 45 20 21 27 88 32 92 33 61 -1 19 26 44 9 71 78 9 79 20 54 95 86 88 84 35 54 99 36 70 52 97 47 46 58 74 42 60 16 5 38 93 60 62 92 23 47 54 97 70 76 4 22 71 71 4 53 99 34 36 88 0 12 83 2 81 56 53 52 -1 75 97 30
83 50 43 51 94 15 74 66 75 16 54 98 18 34 46 96 22 31 6 17 84 45 95 98 93 9 19 -1 29 9 40 14 42 101 71 100 15 95 30 38 24 79 92 29 61 84 34 100 0 33 70 24 100 63 59 49 87 45 17 37 43 91 72 83 85 65 50 69 93 92 52 47 91 24 77 39 35 94 58 56 75 21 42 7 0 40 1 64 5 20
23 50 15 79 100 27 101 93 76 49 88 63 92 63 55 94 29 42 89 87 14 57 10 25 8 21 74 46 20 44 75 18 14 13 11 31 64 51 81 94 78 54 46 84 94 86 2 57 10 8 25 76 93 71 89 55 61 91 61 -1 24 11 94 10 1 17 93 99 77 4 97 52 59 45 45 78 96 97 53 23 4 7 55 76 46 77 96 20 77 15
59 76 43 75 51 69 28 19 25 82 92 21 37 27 55 100 39 67 12 98 84 101 73 91 47 47 85 41 40 100 31 76 41 64 11 80 39 1 15 66 44 86 94 0 61 49 41 99 94 11 32 101 58 44 66 6 11 58 19 48 101 46 20 29 17 22 101 11 69 99 69 76 71 88 6 68 67 34 3 75 52 88 31 60 28 36 59 35 63 84
24 43 95 33 7 46 73 86 70 45 2 38 36 11 34 62 32 5 88 63 41 25 100 44 41 84 60 48 22 35 21 70 66 45 63 71 4 92 78 65 80 19 41 37 14 17 78 58 30 5 0 78 72 61 25 7 12 27 49 40 70 62 17 49 94 12 18 28 3 50 16 17 31 9 76 19 63 92 96 72 8 72 70 9 98 29 60 90 6 13
2 17 47 10 88 14 87 3 20 87 47 97 69 55 63 37 98 78 1 5 77 33 45 57 90 74 90 25 10 7 -1 55 5 67 25 76 38 55 32 36 86 38 19 45 18 57 45 49 4 84 96 45 0 46 5 40 26 29 77 59 99 47 41 94 84 15 36 49 64 79 8 49 87 55 89 84 100 10 101 74 15 8 10 58 50 57 79 89 56 82
26 77 42 100 67 53 65 50 30 80 38 100 23 84 22 9 41 9 52 50 60 66 89 7 11 92 42 82 75 84 83 95 39 99 14 98 35 84 100 60 47 21 93 35 70 68 50 2 78 13 46 75 41 73 87 68 64 50 96 15 85 90 79 93 89 47 51 99 43 40 34 10 87 26 10 77 86 80 73 61 89 80 2 49 0 4 75 49 64 3
53 72 71 64 20 40 5 7 49 20 39 34 34 100 56 52 48 8 63 70 55 10 39 57 10 94 74 84 79 90 3 66 97 12 83 53 80 71 88 76 56 70 31 27 40 72 55 12 44 20 89 91 37 9 44 13 44 81 44 48 26 67 33 43 101 53 89 20 99 17 51 62 5 41 17 37 76 65 97 31 101 40 29 89 84 97 23 59 49 80
11 2 100 17 24 20 41 30 97 25 42 50 74 34 56 90 11 81 65 12 39 36 85 13 53 4 71 90 89 75 50 100 20 43 43 62 46 44 83 97 43 65 12 87 87 56 12 76 68 87 4 25 51 42 90 22 31 79 59 40 25 61 27 45 67 6 35 40 44 40 31 63 11 21 4 37 16 -1 16 23 93 9 -1 73 67 54 17 45 5 25
86 52 83 59 77 68 60 90 89 47 20 32 26 43 47 4 15 56 2 101 44 46 37 50 101 41 54 94 70 64 61 2 57 23 7 34 41 35 27 34 45 61 86 46 15 53 41 20 13 25 6 66 71 60 58 13 78 101 52 87 39 86 60 66 21 18 62 85 1 53 33 52 28 11 17 36 89 85 56 15 99 55 67 36 62 30 26 74 1 32
72 72 21 71 75 92 12 82 0 47 86 26 9 90 57 33 68 51 67 12 44 20 41 58 6 9 86 61 65 13 26 86 93 81 59 87 25 97 53 3 30 85 67 27 10 65 19 2 50 9 77 41 97 33 20 11 30 89 11 68 29 9 0 29 101 63 8 56 49 56 21 97 79 82 72 25 73 43 92 63 40 89 60 79 82 92 56 30 73 31
29 43 85 42 71 9 55 33 74 91 38 23 54 17 94 87 85 91 40 93 71 80 43 74 91 54 11 20 12 84 -1 56 8 41 97 43 25 93 26 81 79 78 4 71 53 30 48 96 60 13 64 63 88 80 33 55 83 51 46 31 41 51 34 57 11 54 26 100 70 45 19 40 96 73 87 72 28 49 49 40 36 12 52 31 29 76 6 35 79 11
12 6 89 2 95 1 18 18 64 43 69 4 68 50 85 83 14 48 13 47 40 20 11 77 56 48 82 94 60 77 44 53 8 2 64 56 27 101 18 66 32 88 20 6 32 7 23 10 54 68 87 67 82 30 100 97 47 4 27 70 65 86 32 80 10 51 92 56 39 91 48 67 81 26 57 59 70 52 100 52 68 66 52 35 45 72 -1 25 27 24
29 50 60 28 93 -1 93 87 44 17 51 17 27 64 1 27 90 52 9 41 22 15 43 61 17 101 81 0 67 48 77 40 60 24 92 19 98 38 69 51 56 50 28 72 22 16 85 64 31 6 29 22 85 71 12 65 9 101 91 47 86 33 48 69 0 56 12 75 53 54 57 49 9 82 73 47 30 65 37 66 48 86 18 71 44 49 43 14 88 65
60 82 78 61 8 33 95 57 46 86 35 5 26 56 60 22 75 79 63 63 41 41 64 100 49 32 30 2 10 53 15 26 89 14 23 49 7 73 60 16 74 39 69 101 75 37 51 94 93 67 44 10 21 14 -1 47 15 92 8 37 -1 79 12 85 84 54 24 59 49 83 49 7 100 71 44 87 38 19 39 22 59 13 95 53 22 80 25 16 18 51
39 55 0 42 94 26 47 14 8 55 9 76 3 62 77 28 0 42 8 20 12 12 13 75 64 17 -1 16 101 34 30 1 53 4 55 88 9 13 21 91 81 10 19 18 101 16 44 95 40 9 -1 0 95 10 93 53 24 26 68 66 64 16 69 17 18 9 54 57 38 101 43 55 59 51 71 51 58 20 19 17 90 75 13 52 37 45 5 63 85 81
0 19 74 22 98 38 85 67 68 55 35 32 96 25 96 74 65 62 5 9 4 46 63 0 40 8 49 42 74 53 56 24 72 6 17 18 96 64 77 39 88 13 66 100 -1 22 55 71 44 94 91 75 7 65 82 59 72 66 99 101 95 54 48 46 2 10 76 12 8 46 19 71 23 82 8 72 30 69 97 69 68 69 18 88 56 85 29 68 68 59
72 8 18 100 57 100 29 90 58 45 40 48 3 89 57 82 42 27 2 101 85 3 4 7 97 87 92 25 87 60 40 97 18 4 51 39 90 35 101 92 93 64 83 59 27 89 99 11 63 101 31 83 86 2 36 48 18 63 36 58 48 32 87 28 18 91 45 30 71 100 48 52 6 15 11 62 5 52 97 61 12 76 19 47 61 26 10 39 81 80
6 11 34 5 84 79 72 1 66 14 0 21 45 65 29 88 26 88 35 19 93 22 71 18 41 86 11 63 42 68 80 82 42 13 101 62 2 89 82 24 59 79 29 16 28 92 64 81 101 77 59 18 71 2 36 25 40 66 44 26 50 56 41 34 75 99 78 32 101 32 64 66 11 53 91 8 33 56 19 61 81 30 81 83 32 97 45 58 20 45
95 3 45 13 25 38 35 47 38 86 100 60 19 89 56 17 7 55 7 94 61 18 16 14 40 44 66 73 99 77 24 4 95 35 98 54 58 1 55 99 26 90 8 72 58 12 1 1 84 68 96 23 90 52 62 59 74 12 36 21 63 44 77 51 94 77 28 20 66 12 98 66 91 76 54 57 71 43 51 33 56 6 11 12 69 33 71 68 67 17
35 77 32 62 34 89 87 61 72 56 87 62 71 21 16 50 2 5 79 54 7 24 98 68 100 29 40 14 50 64 51 26 0 88 75 22 38 -1 71 66 74 50 13 91 69 61 28 63 16 58 71 12 0 92 85 64 46 47 19 30 100 66 65 87 94 44 0 27 14 8 91 85 50 94 24 71 18 11 82 52 32 30 59 68 54 96 32 26 51 48
70 15 32 13 86 36 86 82 66 59 20 93 19 45 7 52 49 48 31 81 71 78 1 90 13 38 84 19 69 39 21 90 27 99 46 34 71 96 83 80 15 54 53 32 60 30 91 22 15 26 79 34 55 94 11 67 12 13 40 38 95 92 70 71 70 59 17 58 36 41 41 22 63 99 54 88 99 10 56 86 16 36 87 50 90 57 22 89 54 62
53 82 98 83 55 4 62 73 33 35 57 85 88 56 13 9 8 94 66 98 68 25 98 56 35 40 9 3 45 9 77 78 46 16 100 39 98 55 91 45 61 66 2 13 66 48 59 19 42 45 99 78 80 58 13 9 40 85 1 101 13 78 91 84 47 71 44 95 63 100 64 95 12 82 80 54 87 62 86 -1 55 97 49 23 94 90 38 30 95 10
43 93 20 90 101 44 82 78 47 60 33 60 79 95 59 12 71 25 41 7 94 55 19 42 75 86 83 56 59 97 89 63 86 8 51 51 32 83 35 8 71 28 35 97 99 73 11 54 22 42 63 37 76 48 81 65 66 99 34 59 80 24 83 37 2 22 48 22 47 18 38 60 0 45 38 96 23 35 99 36 30 62 50 39 97 31 87 28 69 89
64 29 2 40 95 97 59 8 101 21 96 13 31 17 21 18 0 82 24 63 20 59 52 2 46 84 38 13 66 38 2 1 7 80 43 36 0 92 37 18 6 18 58 98 49 8 93 78 45 27 78 61 82 49 38 25 16 43 58 33 30 31 7 100 83 47 19 88 49 31 44 20 8 16 20 68 81 65 14 60 14 54 25 78 73 77 33 26 42 13
8 37 84 78 54 83 57 76 42 61 94 23 44 72 57 14 49 47 65 63 46 57 45 101 8 56 5 16 98 81 66 35 83 3 39 22 91 18 81 38 40 54 92 44 10 42 41 39 1 62 61 32 28 12 35 88 79 71 59 98 15 13 67 72 33 38 13 66 79 89 30 52 32 41 82 46 43 91 71 70 21 8 83 1 59 54 71 11 26 58
34 84 37 48 28 58 97 68 29 80 40 92 74 80 90 8 84 43 50 49 89 59 69 48 81 87 37 80 42 77 20 95 20 77 12 19 48 40 58 83 38 53 62 71 90 10 52 72 98 88 26 52 67 75 86 5 69 71 97 79 8 93 18 93 25 70 -1 20 67 49 43 82 39 25 17 29 38 7 97 49 80 67 16 60 99 66 9 6 18 15
83 33 70 28 68 57 99 99 -1 75 99 93 49 11 2 58 45 14 58 88 93 73 18 51 7 50 11 63 77 55 92 86 2 7 20 92 98 62 6 55 96 27 14 42 23 -1 85 40 44 37 19 1 82 16 70 57 14 97 77 80 84 57 67 54 55 50 98 24 100 101 27 57 55 29 43 65 63 77 40 56 56 2 26 88 22 70 59 69 27 61
90 81 85 99 54 86 79 35 73 79 84 84 101 81 70 93 34 42 36 53 7 34 31 56 31 88 57 12 80 61 94 2 39 40 85 71 26 68 69 71 1 101 73 28 12 93 78 59 41 69 12 79 99 55 92 76 15 53 98 43 38 44 36 7 100 90 37 23 70 8 16 63 13 60 36 53 9 99 31 0 59 73 24 75 77 2 43 67 38 36
45 51 91 42 41 68 92 89 20 41 49 52 101 36 6 63 94 55 26 82 9 35 26 62 84 24 87 16 -1 76 67 94 51 40 50 87 87 42 15 0 64 63 66 58 32 44 22 51 -1 65 54 -1 45 11 13 6 68 4 66 29 40 1 15 -1 75 75 77 16 50 0 34 66 15 90 37 50 67 84 7 51 61 43 43 14 28 31 41 69 27 34
64 13 71 98 23 13 100 44 11 57 97 11 1 81 40 97 17 85 98 29 81 70 53 38 30 71 9 8 93 81 53 22 49 25 21 74 15 89 99 -1 11 66 70 85 64 39 9 18 36 4 12 51 4 3 50 68 75 97 35 24 22 1 99 40 101 95 68 84 82 74 29 55 4 49 64 6 10 53 22 96 64 3 58 -1 86 75 77 93 69 52
